0 1 0 0
0.159154943091895 0.987361563810755 0.159154943091895 0.158483886591605
0.318309886183791 0.949765715381639 0.318309886183791 0.312961796207787
0.477464829275686 0.888162760175355 0.477464829275686 0.459529010441881
0.636619772367581 0.804109828228792 0.636619772367581 0.594480768524822
0.795774715459477 0.699731514775799 0.795774715459477 0.714405912090294
0.954929658551372 0.577666177124611 0.954929658551372 0.816273108589421
1.11408460164327 0.440999245236874 1.11408460164327 0.89750747389674
1.27323954473516 0.293185231708274 1.27323954473516 0.95605565732763
1.43239448782706 0.137960412494525 1.43239448782706 0.990437743921515
1.59154943091895 -0.020751614459131 1.59154943091895 0.999784662063456
1.75070437401085 -0.178939105502456 1.75070437401085 0.983860150896448
1.90985931710274 -0.332603575612475 1.90985931710274 0.943066732256947
2.06901426019464 -0.477860867589107 2.06901426019464 0.878435536181788
2.22816920328654 -0.611039331401015 2.22816920328654 0.791600237165831
2.38732414637843 -0.728772632014861 2.38732414637843 0.684755759980251
2.54647908947033 -0.828084839816332 2.54647908947033 0.560602798839214
2.70563403256222 -0.906465652803202 2.70563403256222 0.422279552296894
2.86478897565412 -0.961933849168681 2.86478897565412 0.273282399403119
3.02394391874601 -0.993087366392173 3.02394391874601 0.117377522176344
3.18309886183791 -0.999138740994679 3.18309886183791 -0.0414942916985869
3.3422538049298 -0.979935013152657 3.3422538049298 -0.199317259657816
3.5014087480217 -0.935961593043962 3.5014087480217 -0.352102110681844
3.66056369111359 -0.868329991196725 3.66056369111359 -0.49598692158997
3.81971863420549 -0.778749722979594 3.81971863420549 -0.627334734379666
3.97887357729738 -0.669485097399922 3.97887357729738 -0.742825487149853
4.13802852038928 -0.543297982453972 4.13802852038928 -0.839539934881863
4.29718346348117 -0.403377993742041 4.29718346348117 -0.915033438823219
4.45633840657307 -0.253261870962001 4.45633840657307 -0.967397759309389
4.61549334966497 -0.0967440801913169 4.61549334966497 -0.995309290094258


0 1
0.03125 0.997518448857188
0.0625 0.995036897714376
0.09375 0.992555346571563
0.125 0.990073795428751
0.15625 0.987592244285939
0.1875 0.980665846778476
0.21875 0.973283919201577
0.25 0.965901991624678
0.28125 0.958520064047778
0.3125 0.951138136470879
0.34375 0.939918794127312
0.375 0.927823082157595
0.40625 0.915727370187877
0.4375 0.903631658218159
0.46875 0.891535946248442
0.5 0.876261482499039
0.53125 0.859757727904289
0.5625 0.843253973309538
0.59375 0.826750218714788
0.625 0.810246464120037
0.65625 0.791235769697119
0.6875 0.770741135775993
0.71875 0.750246501854867
0.75 0.729751867933741
0.78125 0.709257234012615
0.8125 0.686903904994478
0.84375 0.662936431993045
0.875 0.638968958991612
0.90625 0.615001485990179
0.9375 0.591034012988746
0.96875 0.565798599362139
1 0.538964110036691
1.03125 0.512129620711242
1.0625 0.485295131385794
1.09375 0.458460642060346
1.125 0.430861647189162
1.15625 0.40183843350172
1.1875 0.372815219814278
1.21875 0.343792006126836
1.25 0.314768792439394
1.28125 0.285372584195427
1.3125 0.254894262214382
1.34375 0.224415940233337
1.375 0.193937618252293
1.40625 0.163459296271248
1.4375 0.13286910857482
1.46875 0.101706074955198
1.5 0.0705430413355765
1.53125 0.0393800077159545
1.5625 0.00821697409633249
1.59375 -0.0229388069838223
1.625 -0.0539988482182918
1.65625 -0.0850588894527613
1.6875 -0.116118930687231
1.71875 -0.1471789719217
1.75 -0.17823901315617
1.78125 -0.208430978897124
1.8125 -0.238602927048087
1.84375 -0.268774875199049
1.875 -0.298946823350012
1.90625 -0.329118771500975
1.9375 -0.357830632140163
1.96875 -0.386351834724796
2 -0.41487303730943
2.03125 -0.443394239894063
2.0625 -0.471915442478697
2.09375 -0.498559362807235
2.125 -0.524708893027726
2.15625 -0.550858423248218
2.1875 -0.577007953468709
2.21875 -0.603157483689201
2.25 -0.627188448118189
2.28125 -0.650305327636397
2.3125 -0.673422207154606
2.34375 -0.696539086672815
2.375 -0.719655966191023
2.40625 -0.740582307989552
2.4375 -0.760082214392107
2.46875 -0.779582120794662
2.5 -0.799082027197217
2.53125 -0.818581933599772
2.5625 -0.835974836618886
2.59375 -0.851364873260258
2.625 -0.86675490990163
2.65625 -0.882144946543001
2.6875 -0.897534983184373
2.71875 -0.911036789855112
2.75 -0.921927944743216
2.78125 -0.93281909963132
2.8125 -0.943710254519424
2.84375 -0.954601409407528
2.875 -0.963932588991957
2.90625 -0.970049567794632
2.9375 -0.976166546597308
2.96875 -0.982283525399983
3 -0.988400504202658
3.03125 -0.993365157541385
3.0625 -0.994553342166094
3.09375 -0.995741526790804
3.125 -0.996929711415513
3.15625 -0.998117896040223
3.1875 -0.998607697108652
3.21875 -0.994837053964275
3.25 -0.991066410819898
3.28125 -0.987295767675521
3.3125 -0.983525124531144
3.34375 -0.979521624707987
3.375 -0.970887463860069
3.40625 -0.96225330301215
3.4375 -0.953619142164231
3.46875 -0.944984981316313
3.5 -0.936350820468394
3.53125 -0.923280795117036
3.5625 -0.910001361147425
3.59375 -0.896721927177813
3.625 -0.883442493208201
3.65625 -0.87016305923859
3.6875 -0.853168905226366
3.71875 -0.83557986069277
3.75 -0.817990816159173
3.78125 -0.800401771625577
3.8125 -0.78281272709198
3.84375 -0.762251472063256
3.875 -0.740797412999611
3.90625 -0.719343353935965
3.9375 -0.697889294872319
3.96875 -0.676435235808673
4 -0.652734864713574
4.03125 -0.627958082632831
4.0625 -0.603181300552088
4.09375 -0.578404518471345
4.125 -0.553627736390601
4.15625 -0.527278692245846
4.1875 -0.499805466706611
4.21875 -0.472332241167375
4.25 -0.44485901562814
4.28125 -0.417385790088904
4.3125 -0.388931322894391
4.34375 -0.359456091112444
4.375 -0.329980859330497
4.40625 -0.30050562754855
4.4375 -0.271030395766602
4.46875 -0.241055934122167
4.5 -0.210323737769587
4.53125 -0.179591541417006
4.5625 -0.148859345064426
4.59375 -0.118127148711846


0 0
0.03125 0.0308550488690861
0.0625 0.0617100977381722
0.09375 0.0925651466072583
0.125 0.123420195476344
0.15625 0.15427524434543
0.1875 0.18507037154752
0.21875 0.214750550153196
0.25 0.244430728758872
0.28125 0.274110907364548
0.3125 0.303791085970225
0.34375 0.334895860942652
0.375 0.362650947198132
0.40625 0.390406033453611
0.4375 0.418161119709091
0.46875 0.445916205964571
0.5 0.47667935246383
0.53125 0.50180778459598
0.5625 0.52693621672813
0.59375 0.55206464886028
0.625 0.577193080992429
0.65625 0.60696126287194
0.6875 0.628827872708684
0.71875 0.650694482545427
0.75 0.672561092382171
0.78125 0.694427702218915
0.8125 0.722558896819727
0.84375 0.740610964854871
0.875 0.758663032890015
0.90625 0.776715100925159
0.9375 0.794767168960303
0.96875 0.820644104265706
1 0.834425330679359
1.03125 0.848206557093011
1.0625 0.861987783506663
1.09375 0.875769009920316
1.125 0.898812396377164
1.15625 0.907974434868048
1.1875 0.917136473358931
1.21875 0.926298511849815
1.25 0.935460550340699
1.28125 0.955141832816942
1.3125 0.959453095707396
1.34375 0.96376435859785
1.375 0.968075621488304
1.40625 0.972386884378758
1.4375 0.988240239717815
1.46875 0.987591751765967
1.5 0.986943263814119
1.53125 0.986294775862271
1.5625 0.985646287910423
1.59375 0.997279599265682
1.625 0.99168775221873
1.65625 0.986095905171778
1.6875 0.980504058124826
1.71875 0.974912211077875
1.75 0.969320364030923
1.78125 0.971622900119594
1.8125 0.961229038381705
1.84375 0.950835176643815
1.875 0.940441314905925
1.90625 0.930047453168035
1.9375 0.927866810681908
1.96875 0.912933658569749
2 0.898000506457589
2.03125 0.883067354345429
2.0625 0.86813420223327
2.09375 0.861465990311693
2.125 0.842371011205411
2.15625 0.82327603209913
2.1875 0.804181052992848
2.21875 0.785086073886566
2.25 0.774018888442703
2.28125 0.751244743692239
2.3125 0.728470598941775
2.34375 0.70569645419131
2.375 0.682922309440846
2.40625 0.667637514762305
2.4375 0.641759863518044
2.46875 0.615882212273784
2.5 0.590004561029523
2.53125 0.564126909785263
2.5625 0.544896540939384
2.59375 0.516569489289284
2.625 0.488242437639184
2.65625 0.459915385989084
2.6875 0.431588334338984
2.71875 0.408771110546732
2.75 0.378710677760211
2.78125 0.34865024497369
2.8125 0.318589812187169
2.84375 0.288529379400647
2.875 0.262564856109276
2.90625 0.231530875909521
2.9375 0.200496895709765
2.96875 0.16946291551001
3 0.138428935310254
3.03125 0.109829861406363
3.0625 0.0786067757502797
3.09375 0.0473836900941959
3.125 0.0161606044381122
3.15625 -0.0150624812179715
3.1875 -0.0457194955243505
3.21875 -0.076342464685371
3.25 -0.106965433846392
3.28125 -0.137588403007412
3.3125 -0.168211372168433
3.34375 -0.200296732620991
3.375 -0.229545532403615
3.40625 -0.258794332186239
3.4375 -0.288043131968863
3.46875 -0.317291931751487
3.5 -0.34654073153411
3.53125 -0.377270613231792
3.5625 -0.40440592545669
3.59375 -0.431541237681588
3.625 -0.458676549906485
3.65625 -0.485811862131383
3.6875 -0.515916164453062
3.71875 -0.540252093296174
3.75 -0.564588022139287
3.78125 -0.588923950982399
3.8125 -0.613259879825511
3.84375 -0.642098601728045
3.875 -0.663020011021793
3.90625 -0.683941420315541
3.9375 -0.704862829609288
3.96875 -0.725784238903036
4 -0.752734768499856
4.03125 -0.769712830451543
4.0625 -0.78669089240323
4.09375 -0.803668954354916
4.125 -0.820647016306603
4.15625 -0.845117180585919
4.1875 -0.857722742890358
4.21875 -0.870328305194797
4.25 -0.882933867499236
4.28125 -0.895539429803674
4.3125 -0.916980211951921
4.34375 -0.924894645419484
4.375 -0.932809078887046
4.40625 -0.940723512354609
4.4375 -0.948637945822171
4.46875 -0.966555605595723
4.5 -0.969578858101702
4.53125 -0.972602110607681
4.5625 -0.975625363113659
4.59375 -0.978648615619638


0 0 1 0
0.159154943091895 0.158483886591605 0.987361563810755 0.0126384361892451
0.318309886183791 0.312961796207787 0.949765715381639 0.0502342846183613
0.477464829275686 0.459529010441881 0.888162760175355 0.111837239824645
0.636619772367581 0.594480768524822 0.804109828228792 0.195890171771208
0.795774715459477 0.714405912090294 0.699731514775799 0.300268485224201
0.954929658551372 0.816273108589421 0.577666177124611 0.422333822875389
1.11408460164327 0.89750747389674 0.440999245236874 0.559000754763126
1.27323954473516 0.95605565732763 0.293185231708274 0.706814768291726
1.43239448782706 0.990437743921515 0.137960412494525 0.862039587505474
1.59154943091895 0.999784662063456 -0.020751614459131 1.02075161445913
1.75070437401085 0.983860150896448 -0.178939105502456 1.17893910550246
1.90985931710274 0.943066732256947 -0.332603575612475 1.33260357561247
2.06901426019464 0.878435536181788 -0.477860867589107 1.47786086758911
2.22816920328654 0.791600237165831 -0.611039331401015 1.61103933140102
2.38732414637843 0.684755759980251 -0.728772632014861 1.72877263201486
2.54647908947033 0.560602798839214 -0.828084839816332 1.82808483981633
2.70563403256222 0.422279552296894 -0.906465652803202 1.9064656528032
2.86478897565412 0.273282399403119 -0.961933849168681 1.96193384916868
3.02394391874601 0.117377522176344 -0.993087366392173 1.99308736639217
3.18309886183791 -0.0414942916985869 -0.999138740994679 1.99913874099468
3.3422538049298 -0.199317259657816 -0.979935013152657 1.97993501315266
3.5014087480217 -0.352102110681844 -0.935961593043962 1.93596159304396
3.66056369111359 -0.49598692158997 -0.868329991196725 1.86832999119673
3.81971863420549 -0.627334734379666 -0.778749722979594 1.77874972297959
3.97887357729738 -0.742825487149853 -0.669485097399922 1.66948509739992
4.13802852038928 -0.839539934881863 -0.543297982453972 1.54329798245397
4.29718346348117 -0.915033438823219 -0.403377993742041 1.40337799374204
4.45633840657307 -0.967397759309389 -0.253261870962001 1.253261870962
4.61549334966497 -0.995309290094258 -0.0967440801913169 1.09674408019132


0 0
0.03125 0.0321825365163772
0.0625 0.0638450099851673
0.09375 0.0949874204063703
0.125 0.125609767779986
0.15625 0.155712052106015
0.1875 0.185595078088845
0.21875 0.215686121714985
0.25 0.245988342388811
0.28125 0.276501740110323
0.3125 0.307226314879522
0.34375 0.337819991378761
0.375 0.36761036748998
0.40625 0.39657960222571
0.4375 0.424727695585951
0.46875 0.452054647570704
0.5 0.478754597470726
0.53125 0.505351029905289
0.5625 0.531872979050106
0.59375 0.558320444905177
0.625 0.584693427470501
0.65625 0.610792719874949
0.6875 0.635877648105847
0.71875 0.659878413214186
0.75 0.682795015199966
0.78125 0.704627454063187
0.8125 0.72548686406182
0.84375 0.745954242053892
0.875 0.766113401966644
0.90625 0.785964343800075
0.9375 0.805507067554185
0.96875 0.824646275495382
1 0.842654353893932
1.03125 0.859379729422291
1.0625 0.874822402080458
1.09375 0.888982371868433
1.125 0.901909426670884
1.15625 0.914197148254919
1.1875 0.926018325517807
1.21875 0.937372958459546
1.25 0.948261047080136
1.28125 0.958652028586198
1.3125 0.967903433740314
1.34375 0.975758025280424
1.375 0.982215803206529
1.40625 0.98727676751863
1.4375 0.990952439196411
1.46875 0.993792441527606
1.5 0.996098888654562
1.53125 0.997871780577278
1.5625 0.999111117295754
1.59375 0.9998147133127
1.625 0.999484129884502
1.65625 0.99773851564547
1.6875 0.994577870595604
1.71875 0.990002194734903
1.75 0.984011488063369
1.78125 0.977041670662539
1.8125 0.969569103219577
1.84375 0.961594017535569
1.875 0.953116413610513
1.90625 0.94413629144441
1.9375 0.934327802625156
1.96875 0.923189345676577
2 0.910715364523021
2.03125 0.896905859164486
2.0625 0.881760829600974
2.09375 0.86558069382353
2.125 0.849003170759827
2.15625 0.832049096025269
2.1875 0.814718469619855
2.21875 0.797011291543584
2.25 0.778734859100532
2.28125 0.759328018711156
2.3125 0.738754896610408
2.34375 0.717015492798289
2.375 0.694109807274799
2.40625 0.670220860075015
2.4375 0.646085994614529
2.46875 0.621782817979298
2.5 0.597311330169321
2.53125 0.572671531184598
2.5625 0.54776407198394
2.59375 0.522022077130132
2.625 0.495355775395123
2.65625 0.467765166778913
2.6875 0.439250251281501
2.71875 0.409901361347744
2.75 0.380481077073269
2.78125 0.351162074421376
2.8125 0.321944353392066
2.84375 0.292827913985339
2.875 0.263773508929096
2.90625 0.234251810571358
2.9375 0.204096201634174
2.96875 0.173306682117544
3 0.141883252021468
3.03125 0.109854308584717
3.0625 0.0779255078549586
3.09375 0.0464018482437063
3.125 0.0152833297509596
3.15625 -0.0154300476232814
3.1875 -0.0457455177616081
3.21875 -0.0761160451528617
3.25 -0.10681084105117
3.28125 -0.137829905456534
3.3125 -0.169173238368953
3.34375 -0.200839651208768
3.375 -0.232263367293781
3.40625 -0.262974344394577
3.4375 -0.292972582511155
3.46875 -0.322258081643515
3.5 -0.350830841791656
3.53125 -0.379027904164475
3.5625 -0.407250705366524
3.59375 -0.435499996528589
3.625 -0.463775777650671
3.65625 -0.49207804873277
3.6875 -0.520028016684326
3.71875 -0.546994527912285
3.75 -0.572967867837992
3.78125 -0.597948036461447
3.8125 -0.621935033782651
3.84375 -0.645154662420162
3.875 -0.668124409106879
3.90625 -0.690864648116497
3.9375 -0.713375379449016
3.96875 -0.735656603104436
4 -0.757482369825392
4.03125 -0.778141756336226
4.0625 -0.797582879408214
4.09375 -0.815805739041356
4.125 -0.832810335235651
4.15625 -0.848732708319513
4.1875 -0.864167527763958
4.21875 -0.879184342520442
4.25 -0.893783152588963
4.28125 -0.907963957969521
4.3125 -0.921612963798706
4.34375 -0.934019715368602
4.375 -0.945061066229406
4.40625 -0.954737016381119
4.4375 -0.96304756582374
4.46875 -0.970059388365342
4.5 -0.97639754881615
4.53125 -0.982215646219372
4.5625 -0.987513680575006
4.59375 -0.992291651883053


0 1.03816217728546
0.03125 1.02152015976268
0.0625 1.00487814223989
0.09375 0.988236124717102
0.125 0.971594107194315
0.15625 0.954952089671528
0.1875 0.959534563273491
0.21875 0.966292228799453
0.25 0.973049894325415
0.28125 0.979807559851378
0.3125 0.98656522537734
0.34375 0.966430297566832
0.375 0.940153773551188
0.40625 0.913877249535544
0.4375 0.8876007255199
0.46875 0.861324201504255
0.5 0.852277570541951
0.53125 0.849894105270075
0.5625 0.847510639998198
0.59375 0.845127174726321
0.625 0.842743709454445
0.65625 0.82006431334969
0.6875 0.785371093427796
0.71875 0.750677873505902
0.75 0.715984653584008
0.78125 0.681291433662113
0.8125 0.659887585015453
0.84375 0.650024606477187
0.875 0.640161627938921
0.90625 0.630298649400655
0.9375 0.620435670862389
0.96875 0.59678175467668
1 0.555735262830545
1.03125 0.51468877098441
1.0625 0.473642279138275
1.09375 0.43259578729214
1.125 0.400671799827508
1.15625 0.385742381550763
1.1875 0.370812963274018
1.21875 0.355883544997274
1.25 0.340954126720529
1.28125 0.318393982755789
1.3125 0.273695947107623
1.34375 0.228997911459456
1.375 0.184299875811289
1.40625 0.139601840163122
1.4375 0.0994169578660758
1.46875 0.0823431913304123
1.5 0.0652694247947488
1.53125 0.0481956582590853
1.5625 0.0311218917234218
1.59375 0.0120618232710156
1.625 -0.0332191626756784
1.65625 -0.0785001486223725
1.6875 -0.123781134569067
1.71875 -0.169062120515761
1.75 -0.214343106462455
1.78125 -0.231081866318019
1.8125 -0.247162450031522
1.84375 -0.263243033745025
1.875 -0.279323617458529
1.90625 -0.295404201172032
1.9375 -0.335062235074881
1.96875 -0.377799009634169
2 -0.420535784193457
2.03125 -0.463272558752745
2.0625 -0.506009333312033
2.09375 -0.524455911304774
2.125 -0.536505564772171
2.15625 -0.548555218239568
2.1875 -0.560604871706965
2.21875 -0.572654525174362
2.25 -0.60235838507811
2.28125 -0.639679399841987
2.3125 -0.677000414605863
2.34375 -0.71432142936974
2.375 -0.751642444133617
2.40625 -0.769622715939606
2.4375 -0.775008673531471
2.46875 -0.780394631123335
2.5 -0.785780588715199
2.53125 -0.791166546307063
2.5625 -0.808954925222641
2.59375 -0.838532745421076
2.625 -0.868110565619511
2.65625 -0.897688385817946
2.6875 -0.927266206016381
2.71875 -0.94306960274454
2.75 -0.939828590821888
2.78125 -0.936587578899236
2.8125 -0.933346566976584
2.84375 -0.930105555053933
2.875 -0.934551778176474
2.90625 -0.954836916718749
2.9375 -0.975122055261024
2.96875 -0.995407193803298
3 -1.01569233234557
3.03125 -1.02820388124834
3.0625 -1.01523936545616
3.09375 -1.00227484966398
3.125 -0.989310333871804
3.15625 -0.976345818079625
3.1875 -0.966668580407232
3.21875 -0.977045172632994
3.25 -0.987421764858756
3.28125 -0.997798357084519
3.3125 -1.00817494931028
3.34375 -1.01696273846793
3.375 -0.994155090972955
3.40625 -0.971347443477977
3.4375 -0.948539795982999
3.46875 -0.925732148488021
3.5 -0.902924500993043
3.53125 -0.902705799105298
3.5625 -0.903553477825831
3.59375 -0.904401156546365
3.625 -0.905248835266898
3.65625 -0.906096513987432
3.6875 -0.878819100130717
3.71875 -0.847037618458657
3.75 -0.815256136786597
3.78125 -0.783474655114537
3.8125 -0.751693173442477
3.84375 -0.738704016808515
3.875 -0.731359771141354
3.90625 -0.724015525474192
3.9375 -0.716671279807031
3.96875 -0.70932703413987
4 -0.680592583368245
4.03125 -0.64160815332516
4.0625 -0.602623723282075
4.09375 -0.56363929323899
4.125 -0.524654863195905
4.15625 -0.500602297229657
4.1875 -0.487226147214863
4.21875 -0.473849997200068
4.25 -0.460473847185274
4.28125 -0.447097697170479
4.3125 -0.418862461582138
4.34375 -0.375169638891207
4.375 -0.331476816200275
4.40625 -0.287783993509344
4.4375 -0.244091170818413
4.46875 -0.211142143187261
4.5 -0.194500125664474
4.53125 -0.177858108141687
4.5625 -0.1612160906189
4.59375 -0.144574073096113


0 0
0.03125 0.000504206463921485
0.0625 0.00200599120886121
0.09375 0.00448910226458207
0.125 0.00793728766084699
0.15625 0.0123342954274188
0.1875 0.0176667157028819
0.21875 0.0239361845095884
0.25 0.0311492980709819
0.28125 0.0393126556698025
0.3125 0.0484328565887905
0.34375 0.0585135992990145
0.375 0.0695380870453372
0.40625 0.0814806937111435
0.4375 0.0943157586284494
0.46875 0.108017621129271
0.5 0.122562078866311
0.53125 0.137938923260961
0.5625 0.15414574236779
0.59375 0.171180208583992
0.625 0.189039994306762
0.65625 0.207721468441221
0.6875 0.227203516282386
0.71875 0.247452528081976
0.75 0.268434623742413
0.78125 0.290115923166114
0.8125 0.312463165839531
0.84375 0.335455235773837
0.875 0.359082095362906
0.90625 0.383334112791759
0.9375 0.408201656245418
0.96875 0.433674654893164
1 0.459729567599429
1.03125 0.486327190523303
1.0625 0.513427439200091
1.09375 0.540990229165101
1.125 0.568975657105169
1.15625 0.597353537297554
1.1875 0.626108119034423
1.21875 0.655224822805738
1.25 0.684689069101466
1.28125 0.714486196804272
1.3125 0.744592263438577
1.34375 0.774965611271229
1.375 0.805562589876791
1.40625 0.836339548829825
1.4375 0.867252857311727
1.46875 0.898265885539717
1.5 0.929359327040491
1.53125 0.960516508213916
1.5625 0.99172075545986
1.59375 1.02295539357508
1.625 1.0541981229761
1.65625 1.08540841178858
1.6875 1.11654204029967
1.71875 1.14755478879653
1.75 1.17840243756632
1.78125 1.20904520538013
1.8125 1.23946230736329
1.84375 1.26963803976634
1.875 1.29955669889425
1.90625 1.32920258105199
1.9375 1.35855698032031
1.96875 1.38758416369014
2 1.41624240271462
2.03125 1.44448996226236
2.0625 1.47228510720194
2.09375 1.49958857942237
2.125 1.5263799329098
2.15625 1.55264735518162
2.1875 1.57837907899814
2.21875 1.60356333711963
2.25 1.62818696002191
2.28125 1.65222222967968
2.3125 1.67563281242353
2.34375 1.69838226195
2.375 1.7204341319556
2.40625 1.74175313074031
2.4375 1.76232086365519
2.46875 1.78213175216232
2.5 1.80118053653749
2.53125 1.8194619570565
2.5625 1.83697022344109
2.59375 1.85368803907017
2.625 1.86958697506505
2.65625 1.88463814683568
2.6875 1.89881266979205
2.71875 1.91208205427657
2.75 1.92443151612267
2.78125 1.93586317661055
2.8125 1.94638020079091
2.84375 1.95598575371445
2.875 1.96468286684694
2.90625 1.97246616327294
2.9375 1.97931700177245
2.96875 1.98521557263987
3 1.99014206616959
3.03125 1.99407674181352
3.0625 1.9970097463904
3.09375 1.99895130627444
3.125 1.99991408212561
3.15625 1.99991073460386
3.1875 1.9989539137567
3.21875 1.9970506712854
3.25 1.9941932831377
3.28125 1.99037161592275
3.3125 1.98557553624972
3.34375 1.97979491132053
3.375 1.97302582056532
3.40625 1.96528587522909
3.4375 1.95659734840508
3.46875 1.94698251318656
3.5 1.93646364266678
3.53125 1.92505965736178
3.5625 1.91277412307213
3.59375 1.89960621233929
3.625 1.88555509735201
3.65625 1.87061995029904
3.6875 1.85480334446503
3.71875 1.83812853082211
3.75 1.82062653200491
3.78125 1.80232838461663
3.8125 1.78326512526047
3.84375 1.76346598175784
3.875 1.74294539858899
3.90625 1.72171059689363
3.9375 1.69976874878668
3.96875 1.67712702638304
4 1.65379419296412
4.03125 1.62979689343181
4.0625 1.60517302343727
4.09375 1.57996065371295
4.125 1.55419785499134
4.15625 1.52792187171952
4.1875 1.50115671697684
4.21875 1.47391575544977
4.25 1.44621204978481
4.28125 1.41805866262846
4.3125 1.38946923760828
4.34375 1.36047142126528
4.375 1.3311072283218
4.40625 1.30141932754999
4.4375 1.27145038772203
4.46875 1.24124280176733
4.5 1.21082805779302
4.53125 1.18022337228973
4.5625 1.14944499722772
4.59375 1.11850918457721
