

0 1
0.0461549334966497 0.9947845222194
0.0923098669932993 0.991107899584575
0.138464800489949 0.988584557012834
0.184619733986599 0.985168344488192
0.230774667483248 0.977477769184379
0.276929600979898 0.964304617963695
0.323084534476548 0.948024176267396
0.369239467973197 0.93105513923489
0.415394401469847 0.913780708751327
0.461549334966497 0.89515105180079
0.507704268463146 0.873905918819476
0.553859201959796 0.849919010021425
0.600014135456446 0.824514973486046
0.646169068953095 0.79873797827284
0.692324002449745 0.771904971045871
0.738478935946395 0.742240823715616
0.784633869443044 0.708468677489426
0.830788802939694 0.671389077870667
0.876943736436344 0.634210043177353
0.923098669932993 0.599884016391484
0.969253603429643 0.567701915550456
1.01540853692629 0.53372446516968
1.06156347042294 0.494061913773872
1.10771840391959 0.447762997833051
1.15387333741624 0.398346972026949
1.20002827091289 0.352311807568489
1.24618320440954 0.313522825353125
1.29233813790619 0.278948992225352
1.33849307140284 0.241326210529591
1.38464800489949 0.195001422274278
1.43080293839614 0.139950345375227
1.47695787189279 0.0828299265360315
1.52311280538944 0.0331725677625259
1.56926773888609 -0.00499208205553498
1.61542267238274 -0.0375072834884244
1.66157760587939 -0.0748447859758207
1.70773253937604 -0.123896867144781
1.75388747287269 -0.183184906358918
1.80004240636934 -0.242712119373574
1.84619733986598 -0.290369458012674
1.89235227336263 -0.322729155542808
1.93850720685928 -0.348783067274167
1.98466214035593 -0.381887639566271
2.03081707385258 -0.429544082134567
2.07697200734923 -0.488282240020061
2.12312694084588 -0.544785943338544
2.16928187434253 -0.584995757612906
2.21543680783918 -0.606818023432421
2.26159174133583 -0.622531455605541
2.30774667483248 -0.647859655784495
2.35390160832913 -0.690238286960322
2.40005654182578 -0.743856247720908
2.44621147532243 -0.792317435578277
2.49236640881908 -0.82035587971436
2.53852134231573 -0.827853747441727
2.58467627581238 -0.830294377364212
2.63083120930903 -0.845087934809015
2.67698614280568 -0.878948438171248
2.72314107630233 -0.923553319766663
2.76929600979898 -0.959864029215816
2.81545094329563 -0.972206638299399
2.86160587679228 -0.962941439229049
2.90776081028893 -0.950452592321969
2.95391574378558 -0.953038318826607
3.00007067728223 -0.976113423790351
3.04622561077888 -1.00887775741751
3.09238054427553 -1.03024583362528
3.13853547777218 -1.02491925990149
3.18469041126883 -0.99806735801271
3.23084534476548 -0.970469507740978
3.27700027826213 -0.960446042913341
3.32315521175878 -0.971667291610746
3.36931014525543 -0.991106502978346
3.41546507875208 -0.996325394242497
3.46162001224873 -0.973095981790438
3.50777494574538 -0.929552050006101
3.55392987924203 -0.888199573826918
3.60008481273868 -0.866489874575928
3.64623974623533 -0.86608127669824
3.69239467973198 -0.872198406214284
3.73854961322863 -0.861759505070179
3.78470454672527 -0.82213059957303
3.83085948022192 -0.764437531529045
3.87701441371857 -0.712137040735427
3.92316934721522 -0.680896667712493
3.96932428071187 -0.670314789161476
4.01547921420852 -0.664622699306578
4.06163414770517 -0.640682309850675
4.10778908120182 -0.587662889164949
4.15394401469847 -0.519780073878616
4.20009894819512 -0.460640264462649
4.24625388169177 -0.423015065245719
4.29240881518842 -0.404680445519393
4.33856374868507 -0.390269482295501
4.38471868218172 -0.35667405247397
4.43087361567837 -0.294055475221738
4.47702854917502 -0.221038019136228
4.52318348267167 -0.160879767941102
4.56933841616832 -0.120612384258572


0 1
0.159154943091895 0.987361563810755
0.318309886183791 0.949765715381639
0.477464829275686 0.888162760175355
0.636619772367581 0.804109828228792
0.795774715459477 0.699731514775799
0.954929658551372 0.577666177124611
1.11408460164327 0.440999245236874
1.27323954473516 0.293185231708274
1.43239448782706 0.137960412494525
1.59154943091895 -0.020751614459131
1.75070437401085 -0.178939105502456
1.90985931710274 -0.332603575612475
2.06901426019464 -0.477860867589107
2.22816920328654 -0.611039331401015
2.38732414637843 -0.728772632014861
2.54647908947033 -0.828084839816332
2.70563403256222 -0.906465652803202
2.86478897565412 -0.961933849168681
3.02394391874601 -0.993087366392173
3.18309886183791 -0.999138740994679
3.3422538049298 -0.979935013152657
3.5014087480217 -0.935961593043962
3.66056369111359 -0.868329991196725
3.81971863420549 -0.778749722979594
3.97887357729738 -0.669485097399922
4.13802852038928 -0.543297982453972
4.29718346348117 -0.403377993742041
4.45633840657307 -0.253261870962001
4.61549334966497 -0.0967440801913169


0 1
0.0466211449461108 0.994739496805279
0.0932422898922215 0.991048939126774
0.139863434838332 0.988509937696006
0.186484579784443 0.984961774742427
0.233105724730554 0.976934982435505
0.279726869676665 0.96337408636356
0.326348014622775 0.949765715381639
0.372969159568886 0.929678459009142
0.419590304514997 0.912164529843857
0.466211449461108 0.893139105870703
0.512832594407218 0.871361249743341
0.559453739353329 0.846882355661587
0.60607488429944 0.821147566950566
0.652696029245551 0.795043501106244
0.699317174191662 0.767637889104208
0.745938319137772 0.737072214972493
0.792559464083883 0.699731514775799
0.839180609029994 0.664521993810688
0.885801753976105 0.627360222122337
0.932422898922216 0.593308450412141
0.979044043868326 0.560799643880219
1.02566518881444 0.525497130385587
1.07228633376055 0.483844601826367
1.11890747870666 0.440999245236874
1.16552862365277 0.386152166866563
1.21214976859888 0.341419910697286
1.25877091354499 0.303953638081319
1.3053920584911 0.268937367333244
1.35201320343721 0.228788039951337
1.39863434838332 0.179056562025234
1.44525549332943 0.12182742017804
1.49187663827554 0.0655758560785508
1.53849778322165 0.0192738779127343
1.58511892816777 -0.020751614459131
1.63174007311388 -0.0496578640266335
1.67836121805999 -0.0911997826023067
1.7249823630061 -0.145238419982808
1.77160350795221 -0.206731681123015
1.81822465289832 -0.263388822463289
1.86484579784443 -0.30501253103079
1.91146694279054 -0.332603575612475
1.95808808773665 -0.361312855568391
2.00470923268276 -0.400730683461692
2.05133037762887 -0.454906577730533
2.09795152257498 -0.515227523760976
2.14457266752109 -0.566011972885713
2.1911938124672 -0.597145433640156
2.23781495741332 -0.611039331401015
2.28443610235943 -0.63311520936267
2.33105724730554 -0.667176281465697
2.37767839225165 -0.728772632014861
2.42429953719776 -0.771141557430992
2.47092068214387 -0.810330772346229
2.51754182708998 -0.826236262062991
2.56416297203609 -0.828576800529338
2.6107841169822 -0.836378154680307
2.65740526192831 -0.862450501484912
2.70402640687442 -0.906465652803202
2.75064755182053 -0.947487070401627
2.79726869676664 -0.970535702826113
2.84388984171275 -0.968068651536903
2.89051098665886 -0.954143231685546
2.93713213160498 -0.949658546120818
2.98375327655109 -0.965968029679565
3.0303744214972 -0.993087366392173
3.07699556644331 -1.0256715166519
3.12361671138942 -1.02970456626266
3.17023785633553 -1.00765472954184
3.21685900128164 -0.977594240891933
3.26348014622775 -0.961012641976159
3.31010129117386 -0.966815848554148
3.35672243611997 -0.986244339310871
3.40334358106608 -0.997476274115181
3.44996472601219 -0.981594131479753
3.4965858709583 -0.935961593043962
3.54320701590441 -0.896473683862547
3.58982816085053 -0.869255803519616
3.63644930579664 -0.864909172928095
3.68307045074275 -0.871559956132181
3.72969159568886 -0.86594972737863
3.77631274063497 -0.831300677990811
3.82293388558108 -0.778749722979594
3.86955503052719 -0.71939085570759
3.9161761754733 -0.684102696951376
3.96279732041941 -0.671009111355193
4.00941846536552 -0.665933778666459
4.05603961031163 -0.645153792169199
4.10266075525774 -0.59472689280046
4.14928190020385 -0.526588086952138
4.19590304514997 -0.465206212545128
4.24252419009608 -0.425221022190468
4.28914533504219 -0.403377993742041
4.3357664799883 -0.391461278421496
4.38238762493441 -0.359107504450332
4.42900876988052 -0.296977439649095
4.47562991482663 -0.223142200321349
4.52225105977274 -0.161896425155009
4.56887220471886 -0.120927944551873
4.61549334966497 -0.0967440801913169


0 1
0.0466211449461108 0.998913431143424
0.0932422898922215 0.995656086138767
0.139863434838332 0.990235043725797
0.186484579784443 0.982662084233417
0.233105724730554 0.97295366495076
0.279726869676665 0.961130883564409
0.326348014622775 0.94721943262384
0.372969159568886 0.931249543610734
0.419590304514997 0.913255921293254
0.466211449461108 0.893277668287855
0.512832594407218 0.871358200085522
0.559453739353329 0.847545150704305
0.60607488429944 0.821890269174549
0.652696029245551 0.794449307081635
0.699317174191662 0.76528189740912
0.745938319137772 0.734451424948679
0.792559464083883 0.702024888556123
0.839180609029994 0.668072755553632
0.885801753976105 0.632668808594573
0.932422898922216 0.595889985323649
0.979044043868326 0.557816211180859
1.02566518881444 0.518530225712483
1.07228633376055 0.478117402766697
1.11890747870666 0.436665564964446
1.16552862365277 0.394264792848828
1.21214976859888 0.351007229127677
1.25877091354499 0.306986878434791
1.3053920584911 0.262299403044944
1.35201320343721 0.217041914986602
1.39863434838332 0.171312765004135
1.44525549332943 0.125211328828129
1.49187663827554 0.0788377912182548
1.53849778322165 0.0322929282480145
1.58511892816777 -0.0143221116955263
1.63174007311388 -0.0609060277210888
1.67836121805999 -0.107357586573948
1.7249823630061 -0.153575842629715
1.77160350795221 -0.199460357263055
1.81822465289832 -0.244911417114636
1.86484579784443 -0.289830250781964
1.91146694279054 -0.334119243463223
1.95808808773665 -0.377682149087664
2.00470923268276 -0.420424299471547
2.05133037762887 -0.462252810045123
2.09795152257498 -0.50307678170357
2.14457266752109 -0.542807498343257
2.1911938124672 -0.581358619654026
2.23781495741332 -0.618646368748561
2.28443610235943 -0.654589714221084
2.33105724730554 -0.68911054623974
2.37767839225165 -0.722133846290002
2.42429953719776 -0.753587850200221
2.47092068214387 -0.78340420409503
2.51754182708998 -0.811518112937725
2.56416297203609 -0.83786848133878
2.6107841169822 -0.862398046324532
2.65740526192831 -0.885053501777498
2.70402640687442 -0.905785614277897
2.75064755182053 -0.924549330094638
2.79726869676664 -0.941303873093276
2.84388984171275 -0.956012833348155
2.89051098665886 -0.968644246266188
2.93713213160498 -0.979170662050308
2.98375327655109 -0.987569205351654
3.0303744214972 -0.993821624980847
3.07699556644331 -0.997914333570337
3.12361671138942 -0.99983843710162
3.17023785633553 -0.999589754233162
3.21685900128164 -0.997168825387028
3.26348014622775 -0.992580911574477
3.31010129117386 -0.985835982963049
3.35672243611997 -0.976948697210035
3.40334358106608 -0.965938367609361
3.44996472601219 -0.952828921121146
3.4965858709583 -0.937648846375138
3.54320701590441 -0.92043113176099
3.58982816085053 -0.90121319373996
3.63644930579664 -0.880036795533804
3.68307045074275 -0.856947956367531
3.72969159568886 -0.831996851463319
3.77631274063497 -0.805237703002878
3.82293388558108 -0.776728662295128
3.86955503052719 -0.746531683405462
3.9161761754733 -0.714712388520971
3.96279732041941 -0.681339925344755
4.00941846536552 -0.646486816827659
4.05603961031163 -0.610228803567291
4.10266075525774 -0.572644679210817
4.14928190020385 -0.533816119229211
4.19590304514997 -0.493827503421419
4.24252419009608 -0.452765732547612
4.28914533504219 -0.410720039484935
4.3357664799883 -0.367781795294293
4.38238762493441 -0.324044310721511
4.42900876988052 -0.279602633259335
4.47562991482663 -0.234553340865352
4.52225105977274 -0.18899433178348
4.56887220471886 -0.143024612104354
4.61549334966497 -0.0967440801913169


-1 0.0384615384615385 400
-0.994987468671679 0.0399814115953015 400
-0.989974937343358 0.0414776782752377 400
-0.984962406015038 0.0429481749036538 400
-0.979949874686717 0.0443906524181809 400
-0.974937343358396 0.0458027781401266 400
-0.969924812030075 0.0471821385260398 400
-0.964912280701754 0.0485262429456284 400
-0.959899749373434 0.049832528618276 400
-0.954887218045113 0.0510983668489894 400
-0.949874686716792 0.0523210707123461 400
-0.944862155388471 0.0534979043394733 400
-0.93984962406015 0.0546260939678092 400
-0.93483709273183 0.0557028409157906 400
-0.929824561403509 0.0567253366440372 400
-0.924812030075188 0.0576907800603305 400
-0.919799498746867 0.058596397216903 400
-0.914786967418546 0.0594394635343886 400
-0.909774436090226 0.0602173286663106 400
-0.904761904761905 0.0609274440902529 400
-0.899749373433584 0.0615673934759382 400
-0.894736842105263 0.062134925835432 400
-0.889724310776942 0.0626279914058621 400
-0.884711779448622 0.0630447801497892 400
-0.879699248120301 0.0633837626823989 400
-0.87468671679198 0.063643733348057 400
-0.869674185463659 0.0638238550720098 400
-0.864661654135338 0.0639237055072098 400
-0.859649122807018 0.0639433238831787 400
-0.854636591478697 0.0638832578460128 400
-0.849624060150376 0.0637446094594583 400
-0.844611528822055 0.0635290794206478 400
-0.839598997493734 0.0632390084356852 400
-0.834586466165414 0.0628774146056181 400
-0.829573934837093 0.0624480255989103 400
-0.824561403508772 0.061955304339164 400
-0.819548872180451 0.0614044669234388 400
-0.81453634085213 0.0608014915136208 400
-0.80952380952381 0.0601531170166524 400
-0.804511278195489 0.0594668304933984 400
-0.799498746867168 0.0588235294117647 400
-0.794486215538847 0.058014049099769 400
-0.789473684210526 0.0572659820004931 400
-0.784461152882206 0.056516743724896 400
-0.779448621553885 0.0557769311729861 400
-0.774436090225564 0.0550575464464785 400
-0.769423558897243 0.0543698966336513 400
-0.764411027568922 0.0537254839402243 400
-0.759398496240602 0.053135887995262 400
-0.754385964912281 0.052612642472484 400
-0.74937343358396 0.0521671084167121 400
-0.744360902255639 0.0518103468379164 400
-0.739348370927318 0.051552993220365 400
-0.734335839598998 0.0514051365851176 400
-0.729323308270677 0.0513762056389856 400
-0.724310776942356 0.0514748643458345 400
-0.719298245614035 0.0517089189756011 400
-0.714285714285714 0.0520852383360474 400
-0.709273182957393 0.0526096884890939 400
-0.704260651629073 0.0532870828170599 400
-0.699248120300752 0.0541211478548352 400
-0.694235588972431 0.0551145048622455 400
-0.68922305764411 0.0562686666954173 400
-0.684210526315789 0.0575840491629792 400
-0.679197994987469 0.059059995735224 400
-0.674185463659148 0.0606948142207813 400
-0.669172932330827 0.0624858238407561 400
-0.664160401002506 0.0644294110156105 400
-0.659147869674185 0.066521092132733 400
-0.654135338345865 0.068755581577155 400
-0.649122807017544 0.0711268633765236 400
-0.644110275689223 0.0736282649250123 400
-0.639097744360902 0.0762525313993822 400
-0.634085213032581 0.078991899653819 400
-0.629072681704261 0.0818381705688205 400
-0.62406015037594 0.0847827790245181 400
-0.619047619047619 0.0878168608627384 400
-0.614035087719298 0.0909313163885316 400
-0.609022556390977 0.094116870135862 400
-0.604010025062657 0.0973641267800443 400
-0.598997493734336 0.1 400
-0.593984962406015 0.104005876964629 400
-0.588972431077694 0.107381431086671 400
-0.583959899749373 0.11078089602795 400
-0.578947368421053 0.1141949886745 400
-0.573934837092732 0.117614569103864 400
-0.568922305764411 0.121030675463016 400
-0.56390977443609 0.124434557438767 400
-0.558897243107769 0.127817708782221 400
-0.553884711779449 0.131171899335714 400
-0.548872180451128 0.134489206987242 400
-0.543859649122807 0.137762049944706 400
-0.538847117794486 0.1409832196816 400
-0.533834586466165 0.144145914857792 400
-0.528822055137845 0.147243776464677 400
-0.523809523809524 0.1502709243838 400
-0.518796992481203 0.15322199548269 400
-0.513784461152882 0.156092183301587 400
-0.508771929824561 0.158877279310652 400
-0.503759398496241 0.161573715639536 400
-0.49874686716792 0.164178609100757 400
-0.493734335839599 0.166689806245772 400
-0.488721804511278 0.169105929109071 400
-0.483709273182957 0.171426421212104 400
-0.478696741854637 0.173651593316768 400
-0.473684210526316 0.175782668339115 400
-0.468671679197995 0.177821824759564 400
-0.463659147869674 0.179772237798293 400
-0.458646616541353 0.181638117565656 400
-0.453634085213033 0.183424743349668 400
-0.448621553884712 0.185138493168122 400
-0.443609022556391 0.186786867693891 400
-0.43859649122807 0.188378507660609 400
-0.433583959899749 0.189923203874005 400
-0.428571428571429 0.191431898993265 400
-0.423558897243108 0.192916680307924 400
-0.418546365914787 0.194390762819524 400
-0.413533834586466 0.195868462043359 400
-0.408521303258145 0.197365156073278 400
-0.403508771929825 0.198897236599972 400
-0.398496240601504 0.2 400
-0.393483709273183 0.202137819695135 400
-0.388471177944862 0.203883576508184 400
-0.383458646616541 0.205739053259969 400
-0.378446115288221 0.207724588390814 400
-0.3734335839599 0.209861012903121 400
-0.368421052631579 0.212169530437117 400
-0.363408521303258 0.214671590356439 400
-0.358395989974937 0.217388755121652 400
-0.353383458646617 0.220342563342626 400
-0.348370927318296 0.223554389983334 400
-0.343358395989975 0.227045305242152 400
-0.338345864661654 0.230835933645338 400
-0.333333333333333 0.234946314870666 400
-0.328320802005013 0.239395767762769 400
-0.323308270676692 0.244202758913623 400
-0.318295739348371 0.249384777063877 400
-0.31328320802005 0.254958214437356 400
-0.308270676691729 0.260938255957128 400
-0.303258145363409 0.267338777112263 400
-0.298245614035088 0.274172251055905 400
-0.293233082706767 0.28144966532331 400
-0.288220551378446 0.289180448368967 400
-0.283208020050125 0.297372405940342 400
-0.278195488721805 0.306031667137021 400
-0.273182957393484 0.315162639852458 400
-0.268170426065163 0.324767975164521 400
-0.263157894736842 0.334848540133307 400
-0.258145363408521 0.345403398381827 400
-0.253132832080201 0.356429797778187 400
-0.24812030075188 0.367923164506652 400
-0.243107769423559 0.379877102808881 400
-0.238095238095238 0.392283399694271 400
-0.233082706766917 0.405132033957752 400
-0.228070175438597 0.418411188902302 400
-0.223057644110276 0.432107268239165 400
-0.218045112781955 0.446204914728368 400
-0.213032581453634 0.460687031222751 400
-0.208020050125313 0.475534803887146 400
-0.203007518796993 0.49072772747775 400
-0.197994987468672 0.5 400
-0.192982456140351 0.522058715634367 400
-0.18796992481203 0.538147569832558 400
-0.182957393483709 0.554483220787638 400
-0.177944862155389 0.57103716383345 400
-0.172932330827068 0.587779405610923 400
-0.167919799498747 0.60467850981474 400
-0.162907268170426 0.62170164784992 400
-0.157894736842105 0.638814655089325 400
-0.152882205513785 0.655982093449157 400
-0.147869674185464 0.673167321006811 400
-0.142857142857143 0.690332569372769 400
-0.137844611528822 0.707439029494808 400
-0.132832080200501 0.724446946517973 400
-0.12781954887218 0.741315724247168 400
-0.12280701754386 0.758004039660981 400
-0.117794486215539 0.774469967805815 400
-0.112781954887218 0.79067111725943 400
-0.107769423558897 0.806564776194019 400
-0.102756892230576 0.822108068892683 400
-0.0977443609022557 0.837258122382227 400
-0.0927318295739349 0.851972242642335 400
-0.0877192982456141 0.866208099640165 400
-0.0827067669172933 0.879923920224019 400
-0.0776942355889725 0.893078687694769 400
-0.0726817042606517 0.905632346663874 400
-0.0676691729323309 0.917546011607481 400
-0.0626566416040101 0.928782177342496 400
-0.0576441102756893 0.93930492948822 400
-0.0526315789473685 0.949080152841242 400
-0.0476190476190477 0.958075735486843 400
-0.0426065162907269 0.966261766401487 400
-0.0375939849624061 0.973610724271841 400
-0.0325814536340853 0.980097655268962 400
-0.0275689223057645 0.985700337573632 400
-0.0225563909774437 0.990399430550964 400
-0.0175438596491229 0.994178606618749 400
-0.0125313283208021 0.997024664042713 400
-0.00751879699248126 0.998927619119715 400
-0.00250626566416046 0.999880776472619 400
0.00250626566416035 0.99988077647262 400
0.00751879699248115 0.998927619119715 400
0.0125313283208019 0.997024664042713 400
0.0175438596491228 0.994178606618749 400
0.0225563909774436 0.990399430550964 400
0.0275689223057644 0.985700337573632 400
0.0325814536340852 0.980097655268962 400
0.037593984962406 0.973610724271841 400
0.0426065162907268 0.966261766401488 400
0.0476190476190476 0.958075735486843 400
0.0526315789473684 0.949080152841242 400
0.0576441102756892 0.93930492948822 400
0.06265664160401 0.928782177342496 400
0.0676691729323308 0.917546011607481 400
0.0726817042606516 0.905632346663874 400
0.0776942355889724 0.893078687694769 400
0.0827067669172932 0.87992392022402 400
0.087719298245614 0.866208099640166 400
0.0927318295739348 0.851972242642335 400
0.0977443609022556 0.837258122382227 400
0.102756892230576 0.822108068892684 400
0.107769423558897 0.806564776194019 400
0.112781954887218 0.79067111725943 400
0.117794486215539 0.774469967805815 400
0.12280701754386 0.758004039660982 400
0.12781954887218 0.741315724247168 400
0.132832080200501 0.724446946517973 400
0.137844611528822 0.707439029494808 400
0.142857142857143 0.690332569372769 400
0.147869674185464 0.673167321006811 400
0.152882205513784 0.655982093449157 400
0.157894736842105 0.638814655089325 400
0.162907268170426 0.62170164784992 400
0.167919799498747 0.60467850981474 400
0.172932330827068 0.587779405610923 400
0.177944862155388 0.571037163833451 400
0.182957393483709 0.554483220787638 400
0.18796992481203 0.538147569832558 400
0.192982456140351 0.522058715634367 400
0.197994987468672 0.5 400
0.203007518796992 0.49072772747775 400
0.208020050125313 0.475534803887147 400
0.213032581453634 0.460687031222751 400
0.218045112781955 0.446204914728368 400
0.223057644110276 0.432107268239165 400
0.228070175438596 0.418411188902303 400
0.233082706766917 0.405132033957752 400
0.238095238095238 0.392283399694271 400
0.243107769423559 0.379877102808881 400
0.24812030075188 0.367923164506652 400
0.2531328320802 0.356429797778188 400
0.258145363408521 0.345403398381827 400
0.263157894736842 0.334848540133307 400
0.268170426065163 0.324767975164522 400
0.273182957393484 0.315162639852458 400
0.278195488721804 0.306031667137022 400
0.283208020050125 0.297372405940342 400
0.288220551378446 0.289180448368967 400
0.293233082706767 0.28144966532331 400
0.298245614035088 0.274172251055906 400
0.303258145363408 0.267338777112263 400
0.308270676691729 0.260938255957128 400
0.31328320802005 0.254958214437356 400
0.318295739348371 0.249384777063877 400
0.323308270676692 0.244202758913624 400
0.328320802005012 0.239395767762769 400
0.333333333333333 0.234946314870666 400
0.338345864661654 0.230835933645338 400
0.343358395989975 0.227045305242152 400
0.348370927318296 0.223554389983334 400
0.353383458646616 0.220342563342626 400
0.358395989974937 0.217388755121652 400
0.363408521303258 0.214671590356439 400
0.368421052631579 0.212169530437117 400
0.3734335839599 0.209861012903122 400
0.37844611528822 0.207724588390814 400
0.383458646616541 0.205739053259969 400
0.388471177944862 0.203883576508184 400
0.393483709273183 0.202137819695135 400
0.398496240601504 0.2 400
0.403508771929824 0.198897236599972 400
0.408521303258145 0.197365156073278 400
0.413533834586466 0.195868462043359 400
0.418546365914787 0.194390762819524 400
0.423558897243108 0.192916680307924 400
0.428571428571428 0.191431898993265 400
0.433583959899749 0.189923203874005 400
0.43859649122807 0.188378507660609 400
0.443609022556391 0.186786867693891 400
0.448621553884712 0.185138493168122 400
0.453634085213033 0.183424743349668 400
0.458646616541353 0.181638117565656 400
0.463659147869674 0.179772237798293 400
0.468671679197995 0.177821824759564 400
0.473684210526316 0.175782668339115 400
0.478696741854637 0.173651593316768 400
0.483709273182957 0.171426421212104 400
0.488721804511278 0.169105929109072 400
0.493734335839599 0.166689806245772 400
0.49874686716792 0.164178609100757 400
0.503759398496241 0.161573715639536 400
0.508771929824561 0.158877279310652 400
0.513784461152882 0.156092183301587 400
0.518796992481203 0.15322199548269 400
0.523809523809524 0.150270924383801 400
0.528822055137845 0.147243776464677 400
0.533834586466165 0.144145914857792 400
0.538847117794486 0.1409832196816 400
0.543859649122807 0.137762049944706 400
0.548872180451128 0.134489206987242 400
0.553884711779449 0.131171899335714 400
0.558897243107769 0.127817708782221 400
0.56390977443609 0.124434557438767 400
0.568922305764411 0.121030675463016 400
0.573934837092732 0.117614569103864 400
0.578947368421053 0.1141949886745 400
0.583959899749373 0.11078089602795 400
0.588972431077694 0.107381431086671 400
0.593984962406015 0.104005876964629 400
0.598997493734336 0.1 400
0.604010025062657 0.0973641267800444 400
0.609022556390977 0.0941168701358621 400
0.614035087719298 0.0909313163885316 400
0.619047619047619 0.0878168608627385 400
0.62406015037594 0.0847827790245182 400
0.629072681704261 0.0818381705688206 400
0.634085213032581 0.0789918996538191 400
0.639097744360902 0.0762525313993823 400
0.644110275689223 0.0736282649250123 400
0.649122807017544 0.0711268633765237 400
0.654135338345865 0.0687555815771551 400
0.659147869674185 0.0665210921327331 400
0.664160401002506 0.0644294110156105 400
0.669172932330827 0.0624858238407561 400
0.674185463659148 0.0606948142207814 400
0.679197994987469 0.059059995735224 400
0.684210526315789 0.0575840491629792 400
0.68922305764411 0.0562686666954173 400
0.694235588972431 0.0551145048622456 400
0.699248120300752 0.0541211478548352 400
0.704260651629073 0.0532870828170599 400
0.709273182957393 0.0526096884890939 400
0.714285714285714 0.0520852383360474 400
0.719298245614035 0.0517089189756011 400
0.724310776942356 0.0514748643458345 400
0.729323308270677 0.0513762056389857 400
0.734335839598997 0.0514051365851176 400
0.739348370927318 0.051552993220365 400
0.744360902255639 0.0518103468379164 400
0.74937343358396 0.0521671084167121 400
0.754385964912281 0.0526126424724841 400
0.759398496240601 0.053135887995262 400
0.764411027568922 0.0537254839402242 400
0.769423558897243 0.0543698966336513 400
0.774436090225564 0.0550575464464785 400
0.779448621553885 0.0557769311729861 400
0.784461152882205 0.056516743724896 400
0.789473684210526 0.0572659820004931 400
0.794486215538847 0.058014049099769 400
0.799498746867168 0.0588235294117647 400
0.804511278195489 0.0594668304933984 400
0.809523809523809 0.0601531170166524 400
0.81453634085213 0.0608014915136207 400
0.819548872180451 0.0614044669234388 400
0.824561403508772 0.061955304339164 400
0.829573934837093 0.0624480255989102 400
0.834586466165413 0.0628774146056181 400
0.839598997493734 0.0632390084356852 400
0.844611528822055 0.0635290794206478 400
0.849624060150376 0.0637446094594583 400
0.854636591478697 0.0638832578460128 400
0.859649122807017 0.0639433238831787 400
0.864661654135338 0.0639237055072099 400
0.869674185463659 0.0638238550720098 400
0.87468671679198 0.0636437333480569 400
0.879699248120301 0.0633837626823989 400
0.884711779448621 0.0630447801497892 400
0.889724310776942 0.0626279914058621 400
0.894736842105263 0.062134925835432 400
0.899749373433584 0.0615673934759382 400
0.904761904761905 0.060927444090253 400
0.909774436090225 0.0602173286663106 400
0.914786967418546 0.0594394635343887 400
0.919799498746867 0.058596397216903 400
0.924812030075188 0.0576907800603305 400
0.929824561403509 0.0567253366440372 400
0.934837092731829 0.0557028409157907 400
0.93984962406015 0.0546260939678092 400
0.944862155388471 0.0534979043394734 400
0.949874686716792 0.0523210707123462 400
0.954887218045113 0.0510983668489894 400
0.959899749373433 0.049832528618276 400
0.964912280701754 0.0485262429456285 400
0.969924812030075 0.0471821385260398 400
0.974937343358396 0.0458027781401266 400
0.979949874686717 0.0443906524181809 400
0.984962406015037 0.0429481749036539 400
0.989974937343358 0.0414776782752377 400
0.994987468671679 0.0399814115953015 400
1 0.0384615384615385 400


-1 0.0384615384615385 400
-0.994987468671679 0.408053481147831 400
-0.989974937343358 0.727550807988312 400
-0.984962406015038 1.00105677291899 400
-0.979949874686717 1.23243390124886 400
-0.974937343358396 1.42531456637171 400
-0.969924812030075 1.58311121690374 400
-0.964912280701754 1.70902626276333 400
-0.959899749373434 1.80606162856411 400
-0.954887218045113 1.87702798254804 400
-0.949874686716792 1.92455364914344 400
-0.944862155388471 1.95109321309167 400
-0.93984962406015 1.95893582294728 400
-0.93483709273183 1.95021320161829 400
-0.929824561403509 1.92690737147754 400
-0.924812030075188 1.89085810144103 400
-0.919799498746867 1.84377008327616 400
-0.914786967418546 1.78721984427095 400
-0.909774436090226 1.72266240326552 400
-0.904761904761905 1.65143767691782 400
-0.899749373433584 1.57477664294907 400
-0.894736842105263 1.49380726698807 400
-0.889724310776942 1.40956019950952 400
-0.884711779448622 1.32297424923868 400
-0.879699248120301 1.2349016392732 400
-0.87468671679198 1.14611305205311 400
-0.869674185463659 1.0573024691913 400
-0.864661654135338 0.96909181205991 400
-0.859649122807018 0.882035388912251 400
-0.854636591478697 0.796624154205549 400
-0.849624060150376 0.713289785677096 400
-0.844611528822055 0.632408584614725 400
-0.839598997493734 0.554305204652503 400
-0.834586466165414 0.479256214313786 400
-0.829573934837093 0.407493498416393 400
-0.824561403508772 0.339207503348632 400
-0.819548872180451 0.274550331120277 400
-0.81453634085213 0.213638686989213 400
-0.80952380952381 0.15655668536252 400
-0.804511278195489 0.103358518570066 400
-0.799498746867168 0.0540709930093385 400
-0.794486215538847 0.00869593706218827 400
-0.789473684210526 -0.0327875149125784 400
-0.784461152882206 -0.0704207583022783 400
-0.779448621553885 -0.104263669564792 400
-0.774436090225564 -0.134392669132941 400
-0.769423558897243 -0.160898891969011 400
-0.764411027568922 -0.183886461929983 400
-0.759398496240602 -0.203470866193155 400
-0.754385964912281 -0.219777426079687 400
-0.74937343358396 -0.232939860700261 400
-0.744360902255639 -0.243098939932407 400
-0.739348370927318 -0.250401223323281 400
-0.734335839598998 -0.254997881594592 400
-0.729323308270677 -0.257043597508187 400
-0.724310776942356 -0.256695542931357 400
-0.719298245614035 -0.254112429020282 400
-0.714285714285714 -0.249453626518287 400
-0.709273182957393 -0.242878353242544 400
-0.704260651629073 -0.234544925908794 400
-0.699248120300752 -0.224610073518294 400
-0.694235588972431 -0.213228309604807 400
-0.68922305764411 -0.200551360711867 400
-0.684210526315789 -0.186727648541818 400
-0.679197994987469 -0.171901823288299 400
-0.674185463659148 -0.156214345732914 400
-0.669172932330827 -0.139801115754737 400
-0.664160401002506 -0.122793144968173 400
-0.659147869674185 -0.10531627127041 400
-0.654135338345865 -0.0874909131444003 400
-0.649122807017544 -0.0694318616268694 400
-0.644110275689223 -0.051248107913387 400
-0.639097744360902 -0.0330427046339934 400
-0.634085213032581 -0.0149126588932822 400
-0.629072681704261 0.00305114477178972 400
-0.62406015037594 0.0207639933047605 400
-0.619047619047619 0.0381473676442939 400
-0.614035087719298 0.0551289405153843 400
-0.609022556390977 0.0716425511166836 400
-0.604010025062657 0.0876281582692146 400
-0.598997493734336 0.103031773538473 400
-0.593984962406015 0.117805375789626 400
-0.588972431077694 0.131906808584214 400
-0.583959899749373 0.145299661776423 400
-0.578947368421053 0.157953138617635 400
-0.573934837092732 0.169841909629519 400
-0.568922305764411 0.180945954458497 400
-0.56390977443609 0.191250392877859 400
-0.558897243107769 0.200745306058203 400
-0.553884711779449 0.20942554918222 400
-0.548872180451128 0.21729055643608 400
-0.543859649122807 0.224344139366789 400
-0.538847117794486 0.230594279552993 400
-0.533834586466165 0.236052916495578 400
-0.528822055137845 0.24073573159429 400
-0.523809523809524 0.244661929037257 400
-0.518796992481203 0.247854014391879 400
-0.513784461152882 0.250337571647959 400
-0.508771929824561 0.252141039427235 400
-0.503759398496241 0.253295487037576 400
-0.49874686716792 0.25383439101506 400
-0.493734335839599 0.253793412762935 400
-0.488721804511278 0.25321017786305 400
-0.483709273182957 0.252124057602757 400
-0.478696741854637 0.250575953228487 400
-0.473684210526316 0.248608083406228 400
-0.468671679197995 0.246263775338892 400
-0.463659147869674 0.243587259961154 400
-0.458646616541353 0.240623471603683 400
-0.453634085213033 0.237417852490775 400
-0.448621553884712 0.234016162408266 400
-0.443609022556391 0.230464293852215 400
-0.43859649122807 0.226808092943176 400
-0.433583959899749 0.223093186365948 400
-0.428571428571429 0.219364814570522 400
-0.423558897243108 0.215667671446405 400
-0.418546365914787 0.212045750659761 400
-0.413533834586466 0.208542198820702 400
-0.408521303258145 0.205199175626673 400
-0.403508771929825 0.202057721107168 400
-0.398496240601504 0.199157630074972 400
-0.393483709273183 0.196537333869748 400
-0.388471177944862 0.194233789461103 400
-0.383458646616541 0.192282375960153 400
-0.378446115288221 0.190716798571249 400
-0.3734335839599 0.189568999998687 400
-0.368421052631579 0.188869079307102 400
-0.363408521303258 0.188645218218681 400
-0.358395989974937 0.188923614815418 400
-0.353383458646617 0.189728424600284 400
-0.348370927318296 0.191081708857474 400
-0.343358395989975 0.193003390238715 400
-0.338345864661654 0.195511215490088 400
-0.333333333333333 0.198620725221763 400
-0.328320802005013 0.202345230611663 400
-0.323308270676692 0.206695796923143 400
-0.318295739348371 0.211681233706459 400
-0.31328320802005 0.217308091543986 400
-0.308270676691729 0.223580665189881 400
-0.303258145363409 0.230501002946132 400
-0.298245614035088 0.238068922108692 400
-0.293233082706767 0.246282030309699 400
-0.288220551378446 0.25513575257449 400
-0.283208020050125 0.264623363905451 400
-0.278195488721805 0.274736027198409 400
-0.273182957393484 0.285462836291545 400
-0.268170426065163 0.296790863941447 400
-0.263157894736842 0.308705214516076 400
-0.258145363408521 0.321189081189999 400
-0.253132832080201 0.334223807423266 400
-0.24812030075188 0.34778895250178 400
-0.243107769423559 0.361862360913877 400
-0.238095238095238 0.376420235335165 400
-0.233082706766917 0.391437212991338 400
-0.228070175438597 0.40688644516686 400
-0.223057644110276 0.422739679625848 400
-0.218045112781955 0.438967345710446 400
-0.213032581453634 0.455538641881196 400
-0.208020050125313 0.472421625463596 400
-0.203007518796993 0.48958330436499 400
-0.197994987468672 0.50698973052635 400
-0.192982456140351 0.524606094874135 400
-0.18796992481203 0.542396823538528 400
-0.182957393483709 0.560325675105643 400
-0.177944862155389 0.578355838673037 400
-0.172932330827068 0.596450032479837 400
-0.167919799498747 0.614570602885096 400
-0.162907268170426 0.632679623470603 400
-0.157894736842105 0.650738994047256 400
-0.152882205513785 0.668710539347288 400
-0.147869674185464 0.686556107188067 400
-0.142857142857143 0.704237665896921 400
-0.137844611528822 0.721717400790382 400
-0.132832080200501 0.738957809505471 400
-0.12781954887218 0.755921795985121 400
-0.12280701754386 0.772572762924481 400
-0.117794486215539 0.788874702489799 400
-0.112781954887218 0.804792285126692 400
-0.107769423558897 0.820290946279958 400
-0.102756892230576 0.835336970852617 400
-0.0977443609022557 0.84989757523762 400
-0.0927318295739349 0.863940986761551 400
-0.0877192982456141 0.877436520385782 400
-0.0827067669172933 0.890354652516762 400
-0.0776942355889725 0.902667091783578 400
-0.0726817042606517 0.914346846647484 400
-0.0676691729323309 0.925368289714823 400
-0.0626566416040101 0.935707218631603 400
-0.0576441102756893 0.945340913445027 400
-0.0526315789473685 0.954248190324298 400
-0.0476190476190477 0.962409451540335 400
-0.0426065162907269 0.969806731611272 400
-0.0375939849624061 0.976423739528091 400
-0.0325814536340853 0.982245896982219 400
-0.0275689223057645 0.987260372524515 400
-0.0225563909774437 0.991456111592725 400
-0.0175438596491229 0.994823862352223 400
-0.0125313283208021 0.997356197302613 400
-0.00751879699248126 0.999047530610625 400
-0.00250626566416046 0.999894131137573 400
0.00250626566416035 0.999894131137574 400
0.00751879699248115 0.999047530610625 400
0.0125313283208019 0.997356197302612 400
0.0175438596491228 0.994823862352222 400
0.0225563909774436 0.991456111592725 400
0.0275689223057644 0.987260372524514 400
0.0325814536340852 0.982245896982219 400
0.037593984962406 0.976423739528091 400
0.0426065162907268 0.969806731611272 400
0.0476190476190476 0.962409451540336 400
0.0526315789473684 0.954248190324298 400
0.0576441102756892 0.945340913445026 400
0.06265664160401 0.935707218631603 400
0.0676691729323308 0.925368289714822 400
0.0726817042606516 0.914346846647484 400
0.0776942355889724 0.902667091783578 400
0.0827067669172932 0.890354652516762 400
0.087719298245614 0.877436520385782 400
0.0927318295739348 0.863940986761551 400
0.0977443609022556 0.84989757523762 400
0.102756892230576 0.835336970852617 400
0.107769423558897 0.820290946279958 400
0.112781954887218 0.804792285126692 400
0.117794486215539 0.788874702489799 400
0.12280701754386 0.772572762924481 400
0.12781954887218 0.755921795985122 400
0.132832080200501 0.738957809505471 400
0.137844611528822 0.721717400790382 400
0.142857142857143 0.704237665896922 400
0.147869674185464 0.686556107188067 400
0.152882205513784 0.668710539347288 400
0.157894736842105 0.650738994047257 400
0.162907268170426 0.632679623470604 400
0.167919799498747 0.614570602885097 400
0.172932330827068 0.596450032479837 400
0.177944862155388 0.578355838673037 400
0.182957393483709 0.560325675105643 400
0.18796992481203 0.542396823538528 400
0.192982456140351 0.524606094874136 400
0.197994987468672 0.50698973052635 400
0.203007518796992 0.489583304364991 400
0.208020050125313 0.472421625463596 400
0.213032581453634 0.455538641881197 400
0.218045112781955 0.438967345710446 400
0.223057644110276 0.422739679625848 400
0.228070175438596 0.40688644516686 400
0.233082706766917 0.391437212991339 400
0.238095238095238 0.376420235335165 400
0.243107769423559 0.361862360913878 400
0.24812030075188 0.34778895250178 400
0.2531328320802 0.334223807423267 400
0.258145363408521 0.321189081189999 400
0.263157894736842 0.308705214516076 400
0.268170426065163 0.296790863941447 400
0.273182957393484 0.285462836291545 400
0.278195488721804 0.274736027198409 400
0.283208020050125 0.264623363905451 400
0.288220551378446 0.25513575257449 400
0.293233082706767 0.246282030309699 400
0.298245614035088 0.238068922108693 400
0.303258145363408 0.230501002946132 400
0.308270676691729 0.223580665189882 400
0.31328320802005 0.217308091543986 400
0.318295739348371 0.211681233706459 400
0.323308270676692 0.206695796923144 400
0.328320802005012 0.202345230611664 400
0.333333333333333 0.198620725221763 400
0.338345864661654 0.195511215490088 400
0.343358395989975 0.193003390238715 400
0.348370927318296 0.191081708857474 400
0.353383458646616 0.189728424600284 400
0.358395989974937 0.188923614815418 400
0.363408521303258 0.188645218218681 400
0.368421052631579 0.188869079307102 400
0.3734335839599 0.189568999998687 400
0.37844611528822 0.190716798571249 400
0.383458646616541 0.192282375960153 400
0.388471177944862 0.194233789461103 400
0.393483709273183 0.196537333869748 400
0.398496240601504 0.199157630074971 400
0.403508771929824 0.202057721107168 400
0.408521303258145 0.205199175626673 400
0.413533834586466 0.208542198820702 400
0.418546365914787 0.212045750659761 400
0.423558897243108 0.215667671446405 400
0.428571428571428 0.219364814570522 400
0.433583959899749 0.223093186365948 400
0.43859649122807 0.226808092943176 400
0.443609022556391 0.230464293852215 400
0.448621553884712 0.234016162408265 400
0.453634085213033 0.237417852490775 400
0.458646616541353 0.240623471603683 400
0.463659147869674 0.243587259961153 400
0.468671679197995 0.246263775338891 400
0.473684210526316 0.248608083406228 400
0.478696741854637 0.250575953228487 400
0.483709273182957 0.252124057602757 400
0.488721804511278 0.253210177863051 400
0.493734335839599 0.253793412762935 400
0.49874686716792 0.25383439101506 400
0.503759398496241 0.253295487037576 400
0.508771929824561 0.252141039427235 400
0.513784461152882 0.250337571647959 400
0.518796992481203 0.247854014391879 400
0.523809523809524 0.244661929037257 400
0.528822055137845 0.24073573159429 400
0.533834586466165 0.236052916495578 400
0.538847117794486 0.230594279552994 400
0.543859649122807 0.224344139366789 400
0.548872180451128 0.21729055643608 400
0.553884711779449 0.20942554918222 400
0.558897243107769 0.200745306058203 400
0.56390977443609 0.19125039287786 400
0.568922305764411 0.180945954458498 400
0.573934837092732 0.169841909629519 400
0.578947368421053 0.157953138617635 400
0.583959899749373 0.145299661776424 400
0.588972431077694 0.131906808584214 400
0.593984962406015 0.117805375789626 400
0.598997493734336 0.103031773538473 400
0.604010025062657 0.0876281582692149 400
0.609022556390977 0.071642551116684 400
0.614035087719298 0.0551289405153847 400
0.619047619047619 0.0381473676442942 400
0.62406015037594 0.0207639933047609 400
0.629072681704261 0.00305114477179002 400
0.634085213032581 -0.0149126588932817 400
0.639097744360902 -0.033042704633993 400
0.644110275689223 -0.0512481079133865 400
0.649122807017544 -0.0694318616268686 400
0.654135338345865 -0.0874909131443998 400
0.659147869674185 -0.10531627127041 400
0.664160401002506 -0.122793144968173 400
0.669172932330827 -0.139801115754737 400
0.674185463659148 -0.156214345732913 400
0.679197994987469 -0.171901823288299 400
0.684210526315789 -0.186727648541818 400
0.68922305764411 -0.200551360711867 400
0.694235588972431 -0.213228309604806 400
0.699248120300752 -0.224610073518294 400
0.704260651629073 -0.234544925908795 400
0.709273182957393 -0.242878353242544 400
0.714285714285714 -0.249453626518287 400
0.719298245614035 -0.254112429020283 400
0.724310776942356 -0.256695542931357 400
0.729323308270677 -0.257043597508188 400
0.734335839598997 -0.254997881594591 400
0.739348370927318 -0.250401223323281 400
0.744360902255639 -0.243098939932407 400
0.74937343358396 -0.232939860700261 400
0.754385964912281 -0.219777426079687 400
0.759398496240601 -0.203470866193155 400
0.764411027568922 -0.183886461929983 400
0.769423558897243 -0.160898891969011 400
0.774436090225564 -0.134392669132941 400
0.779448621553885 -0.104263669564793 400
0.784461152882205 -0.0704207583022792 400
0.789473684210526 -0.0327875149125791 400
0.794486215538847 0.00869593706218724 400
0.799498746867168 0.0540709930093374 400
0.804511278195489 0.103358518570065 400
0.809523809523809 0.156556685362519 400
0.81453634085213 0.213638686989212 400
0.819548872180451 0.274550331120276 400
0.824561403508772 0.33920750334863 400
0.829573934837093 0.407493498416391 400
0.834586466165413 0.479256214313785 400
0.839598997493734 0.554305204652501 400
0.844611528822055 0.632408584614723 400
0.849624060150376 0.713289785677094 400
0.854636591478697 0.796624154205547 400
0.859649122807017 0.882035388912247 400
0.864661654135338 0.969091812059909 400
0.869674185463659 1.05730246919129 400
0.87468671679198 1.14611305205311 400
0.879699248120301 1.2349016392732 400
0.884711779448621 1.32297424923867 400
0.889724310776942 1.40956019950952 400
0.894736842105263 1.49380726698807 400
0.899749373433584 1.57477664294907 400
0.904761904761905 1.65143767691782 400
0.909774436090225 1.72266240326551 400
0.914786967418546 1.78721984427095 400
0.919799498746867 1.84377008327615 400
0.924812030075188 1.89085810144103 400
0.929824561403509 1.92690737147753 400
0.934837092731829 1.95021320161829 400
0.93984962406015 1.95893582294728 400
0.944862155388471 1.95109321309168 400
0.949874686716792 1.92455364914344 400
0.954887218045113 1.87702798254804 400
0.959899749373433 1.80606162856411 400
0.964912280701754 1.70902626276333 400
0.969924812030075 1.58311121690374 400
0.974937343358396 1.42531456637172 400
0.979949874686717 1.23243390124886 400
0.984962406015037 1.00105677291899 400
0.989974937343358 0.727550807988319 400
0.994987468671679 0.408053481147839 400
1 0.0384615384615472 400


-1 0.0384615384615385
-0.8 0.0588235294117647
-0.6 0.1
-0.4 0.2
-0.2 0.5
0 1
0.2 0.5
0.4 0.2
0.6 0.1
0.8 0.0588235294117647
1 0.0384615384615385
