100 0.12
150 0.11
200 0.11
250 0.13
300 0.11
350 0.12
400 0.11
450 0.10
500 0.10
550 0.11
600 0.11
650 0.10
700 0.10
750 0.10
800 0.11
850 0.11
900 0.10
950 0.11
1000 0.10
1050 0.11
1100 0.11
1150 0.11
1200 0.11
1250 0.10
1300 0.11
1350 0.11
1400 0.10
1450 0.11
1500 0.11
1550 0.10
1600 0.11
1650 0.10
1700 0.10
1750 0.11
1800 0.10
1850 0.10
1900 0.10
1950 0.11
2000 0.10
2050 0.10
2100 0.12
2150 0.11
2200 0.11
2250 0.11
2300 0.11
2350 0.10
2400 0.11
2450 0.10
2500 0.10
2550 0.10
2600 0.11
2650 0.11
2700 0.11
2750 0.11
2800 0.11
2850 0.11
2900 0.11
2950 0.11
3000 0.11
3050 0.11
3100 0.11
3150 0.11
3200 0.11
3250 0.11
3300 0.11
3350 0.11
3400 0.10
3450 0.11
3500 0.10
3550 0.11
3600 0.11
3650 0.11
3700 0.11
3750 0.11
3800 0.11
3850 0.11
3900 0.10
3950 0.10
4000 0.11
4050 0.11
4100 0.12
4150 0.16
4200 0.14
4250 0.13
4300 0.13
4350 0.12
4400 0.11
4450 0.11
4500 0.11
4550 0.10
4600 0.11
4650 0.11
4700 0.10
4750 0.11
4800 0.13
4850 0.14
4900 0.13
4950 0.14
5000 0.13
5050 0.13
5100 0.11
5150 0.11
5200 0.11
5250 0.11
5300 0.12
5350 0.11
5400 0.12
5450 0.12
5500 0.11
5550 0.11
5600 0.11
5650 0.11
5700 0.11
5750 0.12
5800 0.13
5850 0.13
5900 0.13
5950 0.11
6000 0.11
6050 0.11
6100 0.10
6150 0.11
6200 0.11
6250 0.10
6300 0.11
6350 0.10
6400 0.11
6450 0.11
6500 0.11
6550 0.11
6600 0.11
6650 0.10
6700 0.11
6750 0.11
6800 0.11
6850 0.12
6900 0.13
6950 0.12
7000 0.12
7050 0.11
7100 0.11
7150 0.11
7200 0.11
7250 0.10
7300 0.10
7350 0.11
7400 0.11
7450 0.10
7500 0.11
7550 0.10
7600 0.11
7650 0.11
7700 0.12
7750 0.10
7800 0.11
7850 0.11
7900 0.11
7950 0.11
8000 0.11
8050 0.11
8100 0.10
8150 0.10
8200 0.11
8250 0.11
8300 0.11
8350 0.11
8400 0.11
8450 0.10
8500 0.11
8550 0.10
8600 0.11
8650 0.11
8700 0.10
8750 0.11
8800 0.11
8850 0.11
8900 0.11
8950 0.11
9000 0.11
9050 0.11
9100 0.11
9150 0.11
9200 0.11
9250 0.12
9300 0.13
9350 0.12
9400 0.11
9450 0.11
9500 0.12
9550 0.11
9600 0.10
9650 0.11
9700 0.11
9750 0.11
9800 0.11
9850 0.11
9900 0.11
9950 0.11
10000 0.10
