0.001 0.00112838686437433
0.126 0.141426936138367
0.251 0.277386010811771
0.376 0.405096930497742
0.501 0.521378359432464
0.626 0.624003973695812
0.751 0.711798017586587
0.876 0.784599210852024
1.001 0.843115382890482
1.126 0.888706143908068
1.251 0.923136446188596
1.376 0.948340335756756
1.501 0.966224018079836
1.626 0.978524132129257
1.751 0.986724334286603
1.876 0.992023455329193
2.001 0.995342765071026
2.126 0.997358146726903
2.251 0.998544279742639
2.376 0.999220949993265
2.501 0.999595137587912
2.626 0.999795710039588
2.751 0.999899923472445
2.876 0.99995240995797


0.125 7.53394152188078
0.251 3.61034609450348
0.377 2.35745405640574
0.503 1.76208283039379
0.629 1.4262459290901
0.755 1.21882015316783
0.881 1.08444743126625
1.007 0.996007634315507
1.133 0.938861916618321
1.259 0.904592605367087
1.385 0.888184096136053
1.511 0.886632692184111
1.637 0.898214589448522
1.763 0.922083380984726
1.889 0.958044947365512
2.015 1.0064346972671
2.141 1.06805847333124
2.267 1.14417663452207
2.393 1.23652081490126
2.519 1.34733838425863
2.645 1.47946333255989
2.771 1.63641483989206
2.897 1.82252691628457


0.001 6.9071788744548
0.126 2.01106237881219
0.251 1.28380363880305
0.376 0.860324048710293
0.501 0.570403889149289
0.626 0.359378478016056
0.751 0.202196353271891
0.876 0.0850556855628066
1.001 -0.000576404527333583
1.126 -0.0604109932184676
1.251 -0.098498701047303
1.376 -0.117842086881949
1.501 -0.120745288747983
1.626 -0.109026429865982
1.751 -0.0841532739461117
1.876 -0.047333502482939
2.001 0.00042309580574984
2.126 0.058260536499031
2.251 0.125444530437471
2.376 0.201338652629203
2.501 0.285386263903342
2.626 0.377096581259637
2.751 0.476033779357603
2.876 0.581808348101094
