root to f = 2*x + 3 is found as x=-1.5
root to f = y*x+3 and f = 2*y-4 is found as x=-1.5, y=2
Extremum for Rosenbrock's valley is found at x=1.0 y=1.0 with f = 0.000
Theoretically, the value should be x=1 y=1, f(x,y)=0
One of the minimums for Himmelblau's function  is found at x=-3.779310 y=-3.283186 with f = 0.0
Theoretically, the value should be x=-3.779310 y=-3.283186, f(x,y)=0.0
--------- Task B -------------
Ground state energy for r_min = 0.0001 and r_max = 8 Bohr radius is :-0.500050667104514 Hartree.
The theoretical value for E0 is -0.5 Hartree.



0.0001 9.999E-05
0.0332710853764941 0.0321642853025728
0.0597458086460448 0.056226003881225
0.085063475342993 0.0780344926759846
0.109463911742553 0.0979850739404703
0.133255504225229 0.116466341529354
0.156681327830929 0.133760241361876
0.179916749942056 0.150059845266891
0.203086175265581 0.165496566720071
0.226278755523707 0.180161054557329
0.249560102006294 0.194117346160892
0.272980455222942 0.207412078401966
0.296580247694174 0.220080391097224
0.320393862447846 0.232149686444896
0.344452174745279 0.243642015912554
0.368784283811113 0.254575592535655
0.393418709291831 0.26496574631187
0.418384235629026 0.274825524310922
0.443710525643983 0.284166063248777
0.469428583411684 0.292996815576724
0.495571119389641 0.301325680753467
0.522172853191506 0.309159074943959
0.549270778252013 0.316501960853428
0.57690440582958 0.323357852164495
0.605116001930555 0.329728802447277
0.633950828862021 0.335615385408243
0.663457402575092 0.341016671273127
0.693687777300634 0.345930202556288
0.724697869910073 0.350351971215813
0.756547837787692 0.354276398103153
0.789302525724336 0.357696314631393
0.823031999490372 0.360602945690027
0.857812186476477 0.36298589202496
0.893725647363693 0.364833109578393
0.930862507563581 0.366130882630399
0.969321583640298 0.366863786971246
1.00921174873131 0.367014638710608
1.05065359298682 0.366564423627093
1.09378145144444 0.365492201089955
1.1387458942383 0.363774975433012
1.18571680506062 0.361387526089077
1.23488721696024 0.358302185622447
1.28647813527429 0.354488551792305
1.3407446639298 0.349913115629168
1.39798387607618 0.344538781798441
1.45854505250291 0.338324249741994
1.52284318204727 0.331223213659178
1.59137702504028 0.323183325936841
1.6647536580902 0.314144852809702
1.74372235724704 0.304038937008526
1.8292220843031 0.292785385105607
1.92244883747151 0.280289965657157
2.0249514643562 0.26644148798135
2.13876514981827 0.251109894963481
2.26658112970787 0.234149691024378
2.41189167028269 0.215422540069289
2.57882001827036 0.194878697426566
2.77077494095905 0.172775260785068
2.98716944670542 0.149997387468655
3.2215954970913 0.127956089798745
3.46592671058874 0.107830856017918
3.71509143958117 0.0901135690995996
3.96789623832279 0.0747728663296523
4.22580396244078 0.0615561204449968
4.49176654651266 0.0501733307339012
4.76962430053495 0.0403694134455586
5.06395974114007 0.0319401017546029
5.38025222063677 0.0247264747640963
5.72526893469551 0.0186033700563954
6.10772219432074 0.0134665096800765
6.53932532599158 0.0092179889919423
7.03653437683095 0.00574532016193424
7.62354463799825 0.00287917649760889
8 0.00137324588614253


0.0001 9.99900004999833E-05
0.0332710853764941 0.0321823326787632
0.0597458086460448 0.0562807878847422
0.085063475342993 0.0781268877680269
0.109463911742553 0.0981140924388964
0.133255504225229 0.116630738826687
0.156681327830929 0.133958848993846
0.179916749942056 0.150291613025234
0.203086175265581 0.165760540929503
0.226278755523707 0.180456349087747
0.249560102006294 0.194443119193295
0.272980455222942 0.207767516363949
0.296580247694174 0.220464698380135
0.320393862447846 0.232562079190268
0.344452174745279 0.244081718461141
0.368784283811113 0.255041835520922
0.393418709291831 0.265457765704188
0.418384235629026 0.275342560956456
0.443710525643983 0.284707362610741
0.469428583411684 0.29356162749539
0.495571119389641 0.301913259111913
0.522172853191506 0.309768677171796
0.549270778252013 0.317132847229762
0.57690440582958 0.324009284900119
0.605116001930555 0.330400044538628
0.633950828862021 0.3363056992643
0.663457402575092 0.34172531712263
0.693687777300634 0.346656436647121
0.724697869910073 0.351095043821409
0.756547837787692 0.35503555135237
0.789302525724336 0.358470780178522
0.823031999490372 0.361391942240254
0.857812186476477 0.363788622727805
0.893725647363693 0.365648759297312
0.930862507563581 0.366958615090938
0.969321583640298 0.367702741782862
1.00921174873131 0.367863928248382
1.05065359298682 0.367423129748853
1.09378145144444 0.366359371651194
1.1387458942383 0.364649620545545
1.18571680506062 0.362268614048082
1.23488721696024 0.359188638397859
1.28647813527429 0.355379239940554
1.3407446639298 0.350806852423255
1.39798387607618 0.345434316287403
1.45854505250291 0.339220258315691
1.52284318204727 0.33211828947688
1.59137702504028 0.324075965214885
1.6647536580902 0.31503343633234
1.74372235724704 0.304921704081312
1.8292220843031 0.293660394995349
1.92244883747151 0.28115503721776
2.0249514643562 0.267294099025551
2.13876514981827 0.251947002752179
2.26658112970787 0.234967389206926
2.41189167028269 0.216215365562734
2.57882001827036 0.195638231832229
2.77077494095905 0.173487817568004
2.98716944670542 0.150642894365946
3.2215954970913 0.128513828678561
3.46592671058874 0.108289545245789
3.71509143958117 0.0904744174725586
3.96789623832279 0.0750455363121764
4.22580396244078 0.0617541294043083
4.49176654651266 0.0503115562404772
4.76962430053495 0.0404634265210352
5.06395974114007 0.032006668529641
5.38025222063677 0.0247849920962355
5.72526893469551 0.0186785511478858
6.10772219432074 0.0135934354500922
6.53932532599158 0.00945235533240821
7.03653437683095 0.00618629694027529
7.62354463799825 0.00372643524432445
8 0.00268370102322009


0.4 -0.642570533816197
0.384375 -0.622758900214822
0.36875 -0.605472622848243
0.353125 -0.590377459025453
0.3375 -0.57714749889258
0.321875 -0.565609920145909
0.30625 -0.555541108866962
0.290625 -0.546757696232899
0.275 -0.539130561234703
0.259375 -0.532510995504958
0.24375 -0.526667742086198
0.228125 -0.521708781732849
0.2125 -0.517458278425121
0.196875 -0.513839471246024
0.18125 -0.510784633035958
0.165625 -0.508232855261393
0.15 -0.506128811180857
0.134375 -0.504423672075949
0.11875 -0.503071114802429
0.103125 -0.502027664051532
0.0875 -0.501252627476049
0.071875 -0.500705757650777
0.05625 -0.500341928498974
0.040625 -0.500138153312697
0.025 -0.500047137627107
0.00937500000000002 -0.500026445307285


1.4 0.609813687914213
1.525 0.3655885283197
1.65 0.182682561143419
1.775 0.0432605928963017
1.9 -0.0645435279503328
2.025 -0.148849172876646
2.15 -0.215116088976011
2.275 -0.268020911484506
2.4 -0.310459113097967
2.525 -0.344672034143357
2.65 -0.372411674842494
2.775 -0.395039711171579
2.9 -0.413531942617055
3.025 -0.428686808294477
3.15 -0.441149935090288
3.275 -0.451478976962431
3.4 -0.460012513289137
3.525 -0.467116442472333
3.65 -0.473012269867473
3.775 -0.477905755430619
3.9 -0.482004633843853
4.025 -0.485427233061885
4.15 -0.488290620879375
4.275 -0.490725941057619
4.4 -0.490937523610663
4.525 -0.492534031130199
4.65 -0.493856380290558
4.775 -0.494951286370139
4.9 -0.495859091464347
5.025 -0.496608927994249
5.15 -0.497240624264522
5.275 -0.497760406779264
5.4 -0.498189941636201
5.525 -0.498545960525985
5.65 -0.498843421403657
5.775 -0.499093264166155
5.9 -0.499303950398507
6.025 -0.499481091578642
6.15 -0.499632159442397
6.275 -0.49975502671752
6.4 -0.499851239248659
6.525 -0.499962384492763
6.65 -0.500030340661733
6.775 -0.500113573956972
6.9 -0.499901540208616
7.025 -0.499932432355594
7.15 -0.499957244815065
7.275 -0.499978872774483
7.4 -0.499996297805048
7.525 -0.500008423566136
7.65 -0.50002165492945
7.775 -0.500033971068708
7.9 -0.500043754279598


0.15 -0.501792019644171
0.14609375 -0.501757865398918
0.1421875 -0.501537374567942
0.13828125 -0.501493895472114
0.134375 -0.501445443725661
0.13046875 -0.501394887286533
0.1265625 -0.501353078806892
0.12265625 -0.501303153798399
0.11875 -0.501261707733199
0.11484375 -0.501211809353465
0.1109375 -0.501170757336882
0.10703125 -0.501120272822417
0.103125 -0.500964702097976
0.09921875 -0.500913408622054
0.0953125 -0.500872046095594
0.09140625 -0.500830571022728
0.0875 -0.500779985540184
0.08359375 -0.500739323888717
0.0796875 -0.500698988992873
0.07578125 -0.500657833877478
0.071875 -0.500608470439813
0.06796875 -0.500568226537399
0.0640625 -0.500476999472356
0.06015625 -0.500438527867046
0.05625 -0.500406111688109
0.05234375 -0.500368543967173
0.0484375 -0.500330422952601
0.04453125 -0.50029868663337
0.040625 -0.500264303949259
0.03671875 -0.500235488276483
0.0328125 -0.500205892775276
0.02890625 -0.500157777873838
0.025 -0.500128271983777
0.02109375 -0.500106765070969
0.0171875 -0.500082749116613
0.01328125 -0.500065057315706
0.00937499999999999 -0.500041791429177
0.00546874999999999 -0.500025189529544
0.00156249999999999 -0.500010716701155


0.15 -0.502859459078273
0.14609375 -0.502828724626545
0.1421875 -0.502792070666562
0.13828125 -0.502748008075414
0.134375 -0.502689049669559
0.13046875 -0.502418273496902
0.1265625 -0.502343197315011
0.12265625 -0.502255216855725
0.11875 -0.502210608805122
0.11484375 -0.501936886971603
0.1109375 -0.501870366997952
0.10703125 -0.501783108151178
0.103125 -0.501686719146386
0.09921875 -0.501627693588985
0.0953125 -0.501494598794365
0.09140625 -0.501337580999704
0.0875 -0.501270023188638
0.08359375 -0.501179858044139
0.0796875 -0.501087444404728
0.07578125 -0.501022497313448
0.071875 -0.500930595848249
0.06796875 -0.500866883567211
0.0640625 -0.500752273096448
0.06015625 -0.500667785729669
0.05625 -0.500604272770046
0.05234375 -0.500539103375519
0.0484375 -0.500499821370296
0.04453125 -0.500429402996921
0.040625 -0.500385857424594
0.03671875 -0.500334769196108
0.0328125 -0.500252866988396
0.02890625 -0.500215956694042
0.025 -0.500167591184715
0.02109375 -0.500139809291314
0.0171875 -0.500102519600687
0.01328125 -0.500072778251228
0.00937499999999999 -0.500045473985595
0.00546874999999999 -0.500016484475389
0.00156249999999999 -0.499996669436145
