0.3 0.438957961880636 0.444490932409031
0.6 0.653131885952719 0.658573963312832
0.9 0.728785961243962 0.731825387533078
1.2 0.722753645632869 0.722866108589285
1.5 0.671848757463241 0.669390480445289
1.8 0.599387219236659 0.595075997597712
2.1 0.519681744959923 0.514316998662524
2.4 0.441119644843231 0.43544617578918
2.7 0.368254352547977 0.362909768794649
3 0.303213641299555 0.298722410207184
3.3 0.246636966573392 0.243428904848184
3.6 0.198290315305654 0.196730801620506
3.9 0.157461728051809 0.157886909277274
4.2 0.123208833506101 0.125962845292013
4.5 0.0945073940719582 0.0999809688441808
4.8 0.0703342229601658 0.0790055716705923
5.1 0.0497069126007158 0.0621868149682595
5.4 0.0316951958222891 0.0487790741802168
5.7 0.0154134367397981 0.0381440062151725


0.3 0.436925248216432 0.444490932409031
0.6 0.650171134098179 0.658573963312832
0.9 0.725619964723691 0.731825387533078
1.2 0.719843141457172 0.722866108589285
1.5 0.669479477738063 0.669390480445289
1.8 0.597732861950215 0.595075997597712
2.1 0.518849516934391 0.514316998662524
2.4 0.441183420999792 0.43544617578918
2.7 0.369279327190087 0.362909768794649
3 0.305275472528778 0.298722410207184
3.3 0.249837751790685 0.243428904848184
3.6 0.202773313061021 0.196730801620506
3.9 0.163426493620305 0.157886909277274
4.2 0.130928305855192 0.125962845292013
4.5 0.104348495914647 0.0999809688441808
4.8 0.0827837088500938 0.0790055716705923
5.1 0.0654044942218107 0.0621868149682595
5.4 0.0514764281272794 0.0487790741802168
5.7 0.0403655122429469 0.0381440062151725
6 0.0315344961647492 0.0297450261199963
6.3 0.0245343839821415 0.0231374401905642
6.6 0.0189937955612696 0.0179568580956322
6.9 0.0146077939888096 0.0139074389208695
7.2 0.0111270867697225 0.0107508356406242
7.5 0.00834805786663379 0.0082962655522175
7.8 0.00610380811068256 0.00639186567208467
8.1 0.00425620433946724 0.00491733403687764
8.4 0.00268882152928827 0.00377777104620465
8.7 0.00130059979125663 0.00289859311118482


0.3 0.466510843551908 0.444490932409031
0.6 0.692457799083478 0.658573963312832
0.9 0.769064991775754 0.731825387533078
1.2 0.756717337428262 0.722866108589285
1.5 0.694678908901567 0.669390480445289
1.8 0.607863903890453 0.595075997597712
2.1 0.511525962772126 0.514316998662524
2.4 0.41448185317608 0.43544617578918
2.7 0.321306421611119 0.362909768794649
3 0.233807545083392 0.298722410207184
3.3 0.151998087019255 0.243428904848184
3.6 0.0747163960514136 0.196730801620506


