200 1.71780811659282 0.565835081939506 0.324604186907139
400 1.20825443818637 0.0560119434792634 0.184949491499311
600 1.46735447563519 0.0985505129745814 0.074150545949514
800 1.36190477822959 0.059366793419694 0.0312991514560823
1000 1.35774740329851 0.0508969035875844 0.0354565263871709
1200 1.41527125485599 0.085783878962017 0.0220673251703127
1400 1.3247868694121 0.07008326200723 0.068417060273575
1600 1.32750451217831 0.0432747429566611 0.0656994175073653
1800 1.30391551399696 0.0397506373402461 0.0892884156887175
2000 1.37392632234131 0.0706965891486264 0.0192776073443703
2200 1.31075354504631 0.0412799634427065 0.0824503846393643
2400 1.34565050814636 0.0472417071881563 0.0475534215393159
2600 1.39106762884096 0.0862713909880272 0.00213630084472172
2800 1.48387152953813 0.179118451566628 0.0906675998524491
3000 1.31008982275697 0.0264494164537924 0.0831141069287054
3200 1.37010863654069 0.041832430491885 0.0230952931449875
3400 1.37900002802186 0.0510355071387207 0.0142039016638187
3600 1.37420751211518 0.0536844316487491 0.0189964175704953
3800 1.424444185214 0.0542147835898298 0.0312402555283187
4000 1.27669255678805 0.0270157755471622 0.116511372897624
4200 1.44890400741794 0.0597151369397024 0.0557000777322618
4400 1.41834430319476 0.0564002534074822 0.02514037350908
4600 1.36895344690482 0.0369744668915468 0.0242504827808578
4800 1.29453309213691 0.023147253728583 0.0986708375487704
5000 1.40812411740154 0.0620330639557289 0.01492018771586
5200 1.43927259089572 0.0550669807844966 0.0460686612100478
5400 1.33484639700477 0.0339272244008391 0.0583575326809114
5600 1.39509046441868 0.0628953500849496 0.00188653473300437
5800 1.36891810579727 0.0330791786705851 0.0242858238884061
6000 1.39459177427523 0.0478967870473528 0.0013878445895501
6200 1.36638012952966 0.0339830192552711 0.0268238001560215
6400 1.38879718068253 0.0618878237676709 0.00440674900314586
6600 1.38624090225729 0.03601763785919 0.00696302742838428
6800 1.33585807366687 0.032251236382525 0.0573458560188056
7000 1.39286125583938 0.045630195616455 0.00034267384629949
7200 1.36732963649306 0.0314174553912929 0.0258742931926208
7400 1.58333325382999 0.201532545106566 0.190129324144311
7600 1.33082159356435 0.0224242513157778 0.0623823361213232
7800 1.4204744118059 0.0582345891634658 0.0272704821202185
8000 1.39449256202021 0.0385766636272087 0.00128863233452892
8200 1.32945330287862 0.0210895741662187 0.0637506268070578
8400 1.40809011346865 0.0445322266417547 0.0148861837829757
8600 1.32955267203102 0.0266087017931776 0.0636512576546577
8800 1.3543179754041 0.0391169824025563 0.0388859542815727
9000 1.35367000752118 0.0364717527442426 0.0395339221644975
9200 1.33177031729053 0.0233741071672337 0.0614336123951491
9400 1.36930376347316 0.0261587726839745 0.0239001662125125
9600 1.39373056022614 0.033641929068153 0.000526630540464534
9800 1.39088266074524 0.0410503250301745 0.00232126894043594
10000 1.30824548489018 0.0162254484549887 0.0849584447955001
