-1 0.35322690848236
-0.777777777777778 0.0958883647818509
-0.555555555555556 -0.590763091976412
-0.333333333333333 -0.795804378724626
-0.111111111111111 0.0150531874941937
0.111111111111111 0.891771899144115
0.333333333333333 0.703242819526761
0.555555555555556 -0.150933110313426
0.777777777777778 -0.528763719131381
1 -0.240462049968584


Initial parameters:
         0          1      0.185          0          1      0.281          0          1     0.0783          0          1     0.0492          0          1      0.274 
Initial cost: 3.28200463545622
    -0.134        0.4      0.732     -0.134        0.4      0.753      0.521      0.336     -0.839      -0.29      0.819      -0.78     -0.134        0.4      0.752 

Network response after training:

-1 0.274155305697381
-0.984375 0.270283060625347
-0.96875 0.265085795140672
-0.953125 0.258455183083508
-0.9375 0.250281432420854
-0.921875 0.240454531717282
-0.90625 0.22886571434082
-0.890625 0.215409145469983
-0.875 0.19998383202036
-0.859375 0.182495749821697
-0.84375 0.162860175799467
-0.828125 0.141004205635546
-0.8125 0.116869429527588
-0.796875 0.0904147304031293
-0.78125 0.0616191604802719
-0.765625 0.0304848436482618
-0.75 -0.00296015695067331
-0.734375 -0.0386590742124397
-0.71875 -0.0765238497982201
-0.703125 -0.116432804041582
-0.6875 -0.158228646312219
-0.671875 -0.201716910671741
-0.65625 -0.246664900944808
-0.640625 -0.292801226092774
-0.625 -0.339816000823257
-0.609375 -0.387361777577209
-0.59375 -0.435055264372078
-0.578125 -0.482479868510042
-0.5625 -0.529189089055085
-0.546875 -0.574710761523856
-0.53125 -0.61855213681679
-0.515625 -0.660205753539682
-0.5 -0.699156039133344
-0.484375 -0.734886551327551
-0.46875 -0.76688774812034
-0.453125 -0.794665152555313
-0.4375 -0.817747758846613
-0.421875 -0.835696509691784
-0.40625 -0.848112661682104
-0.390625 -0.854645847258813
-0.375 -0.855001638255612
-0.359375 -0.848948418159895
-0.34375 -0.836323378100486
-0.328125 -0.817037465325799
-0.3125 -0.79107913246846
-0.296875 -0.75851676088439
-0.28125 -0.719499661276815
-0.265625 -0.674257588932868
-0.25 -0.623098748285823
-0.234375 -0.566406301075726
-0.21875 -0.504633432886419
-0.203125 -0.438297072963043
-0.1875 -0.367970400585765
-0.171875 -0.294274306517204
-0.15625 -0.217868008829635
-0.140625 -0.139439047537005
-0.125 -0.0596929008485092
-0.109375 0.0206575233237133
-0.09375 0.100902264327031
-0.078125 0.180344303762655
-0.0625 0.25830894238539
-0.046875 0.334152345232504
-0.03125 0.40726907122684
-0.015625 0.477098439905008
0 0.543129629531442
0.015625 0.604905446139452
0.03125 0.662024750257666
0.046875 0.714143575366239
0.0625 0.760975017553815
0.078125 0.802288017508005
0.09375 0.837905192071154
0.109375 0.867699901525137
0.125 0.891592759203949
0.140625 0.909547800988367
0.15625 0.921568533137699
0.171875 0.927694067634833
0.1875 0.927995535112109
0.203125 0.922572937311823
0.21875 0.911552565193909
0.234375 0.895085066917928
0.25 0.873344204015857
0.265625 0.846526286400799
0.28125 0.814850229826659
0.296875 0.778558135446137
0.3125 0.737916252523578
0.328125 0.693216154230268
0.34375 0.644775934521289
0.359375 0.592941222657643
0.375 0.538085811761403
0.390625 0.480611709063433
0.40625 0.420948437811088
0.421875 0.359551453146871
0.4375 0.296899575104145
0.453125 0.233491389180851
0.46875 0.169840616370869
0.484375 0.106470507441676
0.5 0.0439073679354204
0.515625 -0.0173266318220363
0.53125 -0.0767211659580065
0.546875 -0.133785752808959
0.5625 -0.188057793658149
0.578125 -0.239110387431422
0.59375 -0.286559658727307
0.609375 -0.330071348786801
0.625 -0.369366442405806
0.640625 -0.404225637138653
0.65625 -0.43449250273172
0.671875 -0.460075226480046
0.6875 -0.480946891777083
0.703125 -0.497144290063588
0.71875 -0.508765318221007
0.734375 -0.515965061882685
0.75 -0.518950708093935
0.765625 -0.517975466534338
0.78125 -0.513331705843591
0.796875 -0.505343529657924
0.8125 -0.494359025447714
0.828125 -0.4807424183042
0.84375 -0.4648663520487
0.859375 -0.447104502405351
0.875 -0.427824702765105
0.890625 -0.407382733767875
0.90625 -0.386116895158001
0.921875 -0.364343443774381
0.9375 -0.342352946715423
0.953125 -0.320407565135693
0.96875 -0.298739253060444
0.984375 -0.277548828084137
1 -0.257005847623593
