-3 -0.999977909503001
-2.875 -0.999952145160256
-2.75 -0.999899378077885
-2.625 -0.99979462426386
-2.5 -0.999593047982558
-2.375 -0.999217061782111
-2.25 -0.998537283413321
-2.125 -0.997345970640519
-2 -0.99532226501898
-1.875 -0.99199005767014
-1.75 -0.986671671219197
-1.625 -0.978443733239994
-1.5 -0.966105146475318
-1.375 -0.948170072782095
-1.25 -0.922900128256462
-1.125 -0.888388231701757
-1 -0.842700792949742
-0.875 -0.784075061059875
-0.75 -0.711155633653523
-0.625 -0.623240882188418
-0.5 -0.520499877813047
-0.375 -0.404116909434822
-0.25 -0.276326390168237
-0.125 -0.140316204801334
0 0
0.125 0.140316204801334
0.25 0.276326390168237
0.375 0.404116909434822
0.5 0.520499877813047
0.625 0.623240882188418
0.75 0.711155633653523
0.875 0.784075061059875
1 0.842700792949742
1.125 0.888388231701757
1.25 0.922900128256462
1.375 0.948170072782095
1.5 0.966105146475318
1.625 0.978443733239994
1.75 0.986671671219197
1.875 0.99199005767014
2 0.99532226501898
2.125 0.997345970640519
2.25 0.998537283413321
2.375 0.999217061782111
2.5 0.999593047982558
2.625 0.99979462426386
2.75 0.999899378077885
2.875 0.999952145160256
3 0.999977909503001


-2   -0.995322265
-1   -0.842700793
-0.5 -0.520499878
-0.2 -0.222702589
 0.2  0.222702589
 0.5  0.520499878
 1    0.842700793
 2    0.995322265
