0 3.04159265358979
0.0397350017759327 3.03919151333649
0.0780463358194869 3.03233089471352
0.115493896816346 3.02132201677146
0.152411516495142 3.00632011516289
0.189001737307105 2.98740686358787
0.225388809318115 2.96463085368335
0.261649485942902 2.93802785552914
0.297831387992949 2.90763092506538
0.333964142365651 2.87347531244139
0.370066212860906 2.83560070384878
0.406149118685615 2.79405211643658
0.442220051280966 2.74888013602803
0.478283502151012 2.70014085406793
0.514342277257621 2.64789568309032
0.550398129847628 2.59221113659882
0.586452155513284 2.5331586110041
0.62250503892681 2.4708141832256
0.658557207979926 2.40525842630263
0.694608930093902 2.33657624065975
0.730660372402741 2.26485669719223
0.766711639363537 2.19019288832539
0.802762796261337 2.11268178376521
0.838813883899052 2.03242408836705
0.874864927778411 1.94952410021644
0.910915943837965 1.86408956757295
0.946966942039294 1.77623154376433
0.983017928608384 1.68606423944556
1.01906890743648 1.59370487187784
1.0551198809556 1.49927351105436
1.09117085068576 1.40289292262192
1.12722181757698 1.30468840763321
1.16327278222301 1.20478763922448
1.19932374499495 1.10332049635521
1.23537470612473 1.00041889477564
1.27142566575733 0.896216615408915
1.30747662398333 0.790849130348946
1.34352758085937 0.684453426686179
1.37957853642083 0.577167828380778
1.41562949068984 0.469131816408848
1.45168044368021 0.360485847411559
1.4877313954006 0.251371171080389
1.5237823458564 0.141929646514262
1.55983329505098 0.0323035577862677
1.59588424298646 -0.0773645710409255
1.63193518966416 -0.186932161210926
1.6679861350849 -0.2962567646401
1.70403707924919 -0.40519624911388
1.74008802215735 -0.513608983072226
1.7761389638096 -0.621354019744096
1.81218990420605 -0.728291280391555
1.84824084334679 -0.834281736425337
1.88429178123186 -0.939187590155106
1.9203427178613 -1.04287245393943
1.95639365323512 -1.14520152750255
1.99244458735333 -1.24604177318752
2.02849552021595 -1.34526208891763
2.06454645182298 -1.44273347864163
2.10059738217443 -1.53832922004074
2.13664831127029 -1.63192502927973
2.17269923911057 -1.72339922258779
2.20875016569526 -1.81263287445895
2.24480109102437 -1.89950997226669
2.28085201509791 -1.98391756709148
2.31690293791586 -2.06574592056518
2.35295385947824 -2.14488864754156
2.38900477978503 -2.22124285440729
2.42505569883625 -2.29470927285357
2.46110661663189 -2.36519238893469
2.49715753317195 -2.43260056724546
2.53320844845644 -2.49684617005625
2.56925936248535 -2.55784567125072
2.60531027525868 -2.61551976491807
2.64136118677644 -2.66979346845865
2.67741209703862 -2.7205962200689
2.71346300604523 -2.76786197047885
2.74951391379626 -2.81152926882294
2.78556482029172 -2.8515413425325
2.8216157255316 -2.88784617114607
2.85766662951592 -2.92039655394147
2.89371753224466 -2.9491501713019
2.92976843371782 -2.9740696397361
2.96581933393542 -2.99512256048107
3.00187023289744 -3.01228156162435
3.0379211306039 -3.02552433369075
3.07397202705478 -3.03483365864766
3.11002292225009 -3.04019743229087
3.14607381618983 -3.04160867998206
3.182124708874 -3.03906556571738
3.21817560030261 -3.03257139451529
3.25422649047564 -3.0221346081207
3.29027737939311 -3.00776877403087
3.32632826705501 -2.98949256785733
3.36237915346134 -2.96732974904688
3.39843003861211 -2.94130912999309
3.43448092250731 -2.91146453857856
3.47053180514694 -2.87783477419656
3.50658268653101 -2.84046355730927
3.54263356665951 -2.79939947260822
3.57868444553245 -2.75469590585074
3.61473532314982 -2.70641097445469
3.65078619951163 -2.65460745194147
3.68683707461787 -2.59935268632582
3.72288794846855 -2.54071851255829
3.75893882106367 -2.47878115913425
3.79498969240323 -2.41362114899103
3.83104056248723 -2.34532319482177
3.86709143131566 -2.27397608894226
3.90314229888853 -2.19967258785391
3.93919316520585 -2.12250929165293
3.9752440302676 -2.04258651844243
4.01129489407379 -1.96000817391084
4.04734575662442 -1.87488161624611
4.0833966179195 -1.78731751656135
4.11944747795901 -1.69742971501336
4.15549833674297 -1.60533507280114
4.19154919427137 -1.51115332023672
4.22760005054421 -1.41500690108593
4.2636509055615 -1.31702081338136
4.29970175932323 -1.21732244691465
4.3357526118294 -1.11604141761912
4.37180346308002 -1.01330939905835
4.40785431307508 -0.909259951239511
4.44390516181459 -0.804028346974278
4.47995600929854 -0.697751396012806
4.51600685552694 -0.590567267179613
4.55205770049979 -0.482615308742497
4.58810854421708 -0.374035867248069
4.62415938667882 -0.264970105059412
4.66021022788501 -0.155559816833095
4.69626106783565 -0.0459472451741231
4.73231190653073 0.0637251042914953
4.76836274397027 0.173314648186155
4.80441358015425 0.282678910751166
4.84046441508268 0.391675709077366
4.87651524875557 0.500163337955031
4.9125660811729 0.608000754102752
4.94861691233469 0.715047759535767
4.98466774224092 0.821165183835363
5.02071857089161 0.926215065082368
5.05676939828675 1.03006082921951
5.09282022442635 1.13256746760947
5.12887104931039 1.23360171255777
5.1649218729389 1.33303221057227
5.20097269531185 1.43072969313416
5.23702351642926 1.52656714475822
5.27307433629112 1.62041996812401
5.30912515489744 1.71216614606329
5.34517597224822 1.80168640019299
5.38122678834345 1.88886434598759
5.41727760318314 1.97358664408923
5.45332841676728 2.05574314765889
5.48937922909588 2.13522704557704
5.52543004016894 2.21193500130757
5.56148084998646 2.2857672872445
5.59753165854844 2.35662791436681
5.63358246585487 2.42442475703282
5.66963327190577 2.4890696727518
5.70568407670112 2.55047861677727
5.74173488024094 2.60857175137285
5.77778568252522 2.66327354960864
5.81383648355395 2.71451289355324
5.84988728332715 2.76222316673373
5.88593808184481 2.80634234074337
5.92198887910694 2.84681305588443
5.95803967511352 2.88358269574138
5.99409046986457 2.91660345558736
6.03014126336009 2.94583240453513
6.06619205560006 2.9712315413516
6.1022428465845 2.99276784386343
6.13829363631341 3.01041331188943
6.17434442478678 3.02414500364399
6.21039521200462 3.03394506556416
6.24644599796692 3.03980075552166
6.28249678267369 3.04170445938959
6.31854756612493 3.03965370094234
6.35459834832064 3.03365114507576
6.39064912926081 3.02370459434355
6.42669990894545 3.0098269788142
6.46275068737456 2.99203633926177
6.49880146454814 2.97035580371231
6.53485224046619 2.94481355737654
6.5709030151287 2.91544280600763
6.60695378853569 2.88228173273197
6.64300456068715 2.84537344840893
6.67905533158308 2.80476593558414
6.71510610122348 2.76051198610923
6.75115686960836 2.71266913250898
6.7872076367377 2.66129957318536
6.82325840261152 2.60647009155539
6.85930916722982 2.54825196922822
6.89535993059258 2.48672089333414
6.93141069269982 2.42195685812605
6.96746145355154 2.35404406098134
7.00351221314773 2.28307079293936
7.03956297148839 2.20912932391673
7.07561372857353 2.13231578274992
7.11166448440315 2.05273003222073
7.14771523897724 1.97047553922753
7.18376599229581 1.88565924027066
7.21981674435886 1.7983914024272
7.25586749516639 1.70878547999566
7.29191824471839 1.61695796699699
7.32796899301487 1.52302824572373
7.36401974005584 1.42711843153418
7.40007048584128 1.32935321409328
7.4361212303712 1.22985969526676
7.4721719736456 1.12876722387917
7.50822271566448 1.02620722755066
7.54427345642785 0.922313041831206
7.58032419593569 0.817219736854279
7.61637493418802 0.711063941735466
7.65242567118483 0.603983666944245
7.68847640692613 0.496118124879874
7.7245271414119 0.387607548884662
7.76057787464216 0.27859301092992
7.79662860661691 0.169216238211598
7.83267933733613 0.059619428894069
7.86873006679985 -0.0500549327584051
7.90478079500805 -0.159664261622183
7.94083152196073 -0.269066057085895
7.9768822476579 -0.378118088312241
8.01293297209956 -0.486678579149087
8.04898369528571 -0.594606392449448
8.08503441721634 -0.701761213560745
8.12108513789146 -0.808003732744762
8.15713585731107 -0.913195826291177
8.19318657547516 -1.01720073608916
8.22923729238375 -1.11988324742364
8.26528800803683 -1.22110986476503
8.30133872243439 -1.32074898532388
8.33738943557645 -1.41867107014494
8.373440147463 -1.51474881251797
8.40949085809403 -1.60885730348655
8.44554156746957 -1.70087419423968
8.48159227558959 -1.79067985517491
8.5176429824541 -1.87815753142641
8.55369368806311 -1.96319349465566
8.58974439241661 -2.04567719090736
8.62579509551461 -2.12550138433857
8.6618457973571 -2.20256229663391
8.69789649794408 -2.27675974192584
8.73394719727556 -2.34799725704447
8.76999789535153 -2.41618222692755
8.806048592172 -2.48122600502774
8.84209928773697 -2.54304402856044
8.87814998204643 -2.60155592844248
8.91420067510039 -2.6566856337787
8.95025136689885 -2.70836147076051
8.9863020574418 -2.75651625584804
9.02235274672926 -2.8010873831145
9.05840343476121 -2.84201690563936
9.09445412153766 -2.87925161084453
9.13050480705861 -2.91274308967545
9.16655549132406 -2.94244779953734
9.20260617433402 -2.96832712090465
9.23865685608847 -2.99034740753019
9.27470753658742 -3.00848003018862
9.31075821583088 -3.02270141389744
9.34680889381884 -3.03299306856712
9.3828595705513 -3.03934161304047
9.41891024602826 -3.04173879249005
9.45496092024973 -3.04018148915098
9.4910115932157 -3.03467172637514
9.52706226492617 -3.02521666600161
9.56311293538115 -3.01182859904669
9.59916360458064 -2.99452492972554
9.63521427252463 -2.97332815282639
9.67126493921312 -2.94826582446659
9.70731560464613 -2.91937052626851
9.74336626882364 -2.88667982300198
9.77941693174565 -2.8502362137483
9.81546759341217 -2.81008707664913
9.85151825382321 -2.76628460731246
9.88756891297875 -2.71888575095533
9.9236195708788 -2.66795212837178
9.95967022752335 -2.61354995582226
9.99572088291242 -2.5557499589485
10 -2.54866859144821


0 3.04159265358979 0
0.1 3.03909681817362 -0.0492927494693715
0.206343343925973 3.03103182470148 -0.103065994244562
0.31686054297611 3.0164295009242 -0.163512300922678
0.407498754325506 2.99921302999696 -0.219113415234351
0.483235791636266 2.98074026855958 -0.271338756517109
0.551514582560347 2.96050505077447 -0.324076721569597
0.612501798609311 2.93921651331944 -0.376634877765181
0.667338538731864 2.91719362200954 -0.429010049938833
0.717186775609507 2.89455915709921 -0.481407729172457
0.765322138650066 2.8701094098635 -0.536847559504833
0.808583155671164 2.84575576118167 -0.59117949429348
0.850327716014449 2.81993590519484 -0.648034585695452
0.890227322942232 2.79295032167476 -0.70679878132164
0.928189343083269 2.76501534245442 -0.767045706358519
0.96425955412497 2.7362764596334 -0.828496930165596
0.99855673524215 2.70682360821605 -0.890984307596249
1.03123206661885 2.67670504447976 -0.954418660203282
1.06244561018874 2.64593850588547 -1.0187658068096
1.09235370848568 2.61451949819645 -1.08402929215126
1.12110298788018 2.58242707145092 -1.15023854705887
1.14882816758181 2.54962759350856 -1.21744116122681
1.17565195058443 2.51607700099609 -1.28569813980711
1.20168597847342 2.48172191304719 -1.35508127189869
1.22703227371885 2.44649988713547 -1.42567198163449
1.25178486061566 2.41033900008243 -1.49756123274844
1.2760314142811 2.37315685628548 -1.57085021204687
1.29985487924934 2.33485905741818 -1.64565163277257
1.32333505265238 2.2953371086199 -1.72209158439881
1.34655015869125 2.25446568009159 -1.80031191867116
1.36957846125966 2.21209908478502 -1.88047320728839
1.39249997584049 2.16806676821577 -1.96275833359065
1.41539835213081 2.1221675338911 -2.04737677798265
1.4383630025887 2.07416215412281 -2.13456959245266
1.46149153759519 2.02376397045091 -2.22461485433281
1.48489250266346 1.9706271611436 -2.31783285584343
1.50868821331147 1.91433279857012 -2.41458898259916
1.53301693894082 1.85437431468166 -2.51528912874179
1.55803229045147 1.79014828396578 -2.62035524644128
1.58389429827825 1.72096766933359 -2.73015246881211
1.61073953304709 1.64614063693302 -2.84480785626245
1.63860750583502 1.56520172574647 -2.96382418434923
1.66730751272855 1.47838591665095 -3.08545412108041
1.69629210540364 1.38718799442974 -3.20621721067432
1.72472728946705 1.29435524802666 -3.3214670513409
1.74995936777226 1.20928084674688 -3.42001988547668
1.77264141789242 1.13072467211005 -3.50482525716679
1.79329936166424 1.05754392400439 -3.57832466141203
1.81326967837291 0.985393464576444 -3.64546602836437
1.83136126970329 0.918908316038372 -3.70255162501105
1.84887721104984 0.853586900481132 -3.75408261196405
1.86572051073397 0.7899543745707 -3.79986216380346
1.88188357018745 0.728197144410633 -3.84005404511236
1.89740632293865 0.668303689927869 -3.87498538352844
1.91235002109443 0.610159300822076 -3.90503188652972
1.92678226687353 0.553604219117273 -3.930558639074
1.94076921989162 0.498466658633865 -3.95189397391456
1.95437203305907 0.44458003348915 -3.96932122479177
1.96764562221356 0.391790875778666 -3.98307924697367
1.98063863652316 0.33996156643217 -3.99336665975957
1.99339398734519 0.288970358026624 -4.00034721051544
2.00594958871073 0.238710114431436 -4.00415502877021
2.01833913271509 0.189086551653206 -4.0048992632942
2.0305928175127 0.140016389310365 -4.00266795634709
2.04273799609843 0.0914256096557855 -3.99753117517443
2.05479973978517 0.0432479046913828 -3.9895434860971
2.06680132244326 -0.00457666899733476 -3.97874587268225
2.07876463651951 -0.0521028377620659 -3.96516719356375
2.09071055315566 -0.0993810834746317 -3.94882526116934
2.1026592383178 -0.146458467526752 -3.92972760645172
2.11463043576022 -0.193379331791269 -3.90787197956624
2.12664372640511 -0.240185899276564 -3.88324662330661
2.13871877257162 -0.286918793655352 -3.85583034517104
2.15087555453297 -0.333617493144387 -3.82559240501405
2.16313460613772 -0.380320730541279 -3.79249222810292
2.17551725567021 -0.427066847533748 -3.75647894787919
2.18804587768174 -0.473894107453257 -3.71749077884659
2.20074416109086 -0.52084096604725 -3.67545421808585
2.21363739825874 -0.567946293977658 -3.63028307471589
2.2267527987193 -0.615249536694273 -3.5818773316983
2.24011982932386 -0.662790785683677 -3.530121856426
2.25377057897908 -0.710610717732211 -3.47488500021598
2.267740139621 -0.758750332532326 -3.416017170007
2.28206698341876 -0.807250378847647 -3.35334953131539
2.29679329588753 -0.856150298450885 -3.28669313108153
2.31196518993921 -0.905486425471267 -3.21583894593904
2.32763266832352 -0.955289045149343 -3.14055971541896
2.34384910974975 -1.00557773166321 -3.06061497622444
2.36066991517116 -1.05635415866276 -2.97576153567689
2.37814976398486 -1.10759137274417 -2.88577269835564
2.39633773603212 -1.15921853824268 -2.79047061193423
2.41526950326227 -1.21110085834572 -2.68977618517962
2.43495623128739 -1.2630165305815 -2.58377803413068
2.45537128058487 -1.31463690651374 -2.4728127231462
2.4764384822116 -1.36552160062859 -2.35753210370299
2.49802845262418 -1.41514243412521 -2.23891773767768
2.51996889286823 -1.46294164492213 -2.11820701371352
2.54206878039659 -1.50841054615889 -1.99673413379928
2.56414818609159 -1.55115919365968 -1.87573976748724
2.58606241297573 -1.59095162952874 -1.7562205700233
2.60771367742183 -1.62770141088891 -1.63885982947688
2.62905067422847 -1.66144016662182 -1.52403520504829
2.65006061212267 -1.69227694635133 -1.41187322615186
2.67075864129536 -1.72036120435376 -1.30231891133725
2.69117791790537 -1.74585500955168 -1.19520007545919
2.71136172455706 -1.76891493407263 -1.09027770598612
2.73135786383675 -1.7896817259593 -0.987281402950508
2.75121497859817 -1.80827538252568 -0.885932341113086
2.77098029633264 -1.8247935952082 -0.785957088978854
2.79069833290098 -1.83931211177982 -0.687095294709321
2.8104101937441 -1.85188608216063 -0.58910354935103
2.83015321713902 -1.86255184100813 -0.491757044244218
2.84996079234373 -1.87132883888521 -0.394850080918932
2.86986225232794 -1.87822159369209 -0.298196081826889
2.88988278979401 -1.88322162475932 -0.201627461600809
2.91004338119761 -1.88630937571059 -0.104995517131133
2.93036073029566 -1.88745614354746 -0.00817035306540806
2.95084726238161 -1.88662601970955 0.0889592398053537
2.97151121296141 -1.88377782090401 0.186486099362606
2.99235685889128 -1.87886695000878 0.28448537317462
3.01338493410309 -1.87184708870384 0.383015723726971
3.03459325482903 -1.86267159402989 0.48212115476634
3.05597755152533 -1.85129446180041 0.581833450476357
3.07753247002336 -1.83767073951 0.682175081803258
3.09925266867378 -1.82175632363329 0.783162285348093
3.12113390785622 -1.80350715769898 0.884807883441455
3.14317400771989 -1.78287794956884 0.987123306535521
3.16537353975593 -1.75982063942064 1.09011920358115
3.18773611327745 -1.73428296956598 1.19380396855025
3.2102681111504 -1.70620763832942 1.29817944768326
3.23297771234431 -1.67553267647048 1.40323300530934
3.2558730100902 -1.64219387952203 1.50892503471815
3.27895900641806 -1.60613035344605 1.61517100318753
3.30223327756717 -1.56729440719741 1.72181745851328
3.32568024538835 -1.52566693969144 1.82861254185373
3.34926438855171 -1.48127870295706 1.93517404638264
3.3729235009964 -1.43423582434191 2.04096228545553
3.39656416669801 -1.38474450427681 2.14527007233824
3.4200623984168 -1.33312592509802 2.24724453910881
3.44327183135552 -1.27981113361999 2.34595002353357
3.46603928344668 -1.22531041869386 2.44046560558137
3.48822388477613 -1.17016210980564 2.52999220652622
3.50971388668833 -1.11487549660191 2.6139363930226
3.53043641169008 -1.05988454479579 2.69194835848701
3.55035882018671 -1.00552246116491 2.76391214881053
3.56948354183283 -0.952017627887901 2.82990274870013
3.58783956180729 -0.899504891344088 2.89012972634884
3.60547339593529 -0.84804445607588 2.94488303489739
3.62244128646603 -0.797642163954486 2.99448930700584
3.63880329487965 -0.748267496300968 3.03928087955247
3.65461928249126 -0.699867821626467 3.07957624848182
3.66994644846572 -0.652378784949255 3.11566929402987
3.68483801439523 -0.605731393754673 3.1478245483476
3.69934268468311 -0.559856554118046 3.17627626672499
3.71350459386865 -0.514687771812818 3.20122967664009
3.72736353523578 -0.470162602300396 3.22286331954704
3.74095533365732 -0.426223287409716 3.2413318100932
3.75431227643821 -0.382816888629335 3.2567686211957
3.76746355105786 -0.339895127043484 3.26928868755428
3.78043566180282 -0.297414067039181 3.27899073329651
3.79325281180241 -0.255333730116799 3.28595929515107
3.8059372457134 -0.213617690981107 3.29026644812289
3.81850955327622 -0.172232685812239 3.29197325790226
3.83098893658529 -0.131148248509902 3.29113099085118
3.84339344511125 -0.0903363820630322 3.28778211316788
3.85574018288079 -0.0497712671255628 3.28196110863068
3.8680454921347 -0.00942900708979599 3.27369514084596
3.88032511747407 0.0307125924101976 3.26300458211074
3.89259435410069 0.0706742121127825 3.24990342733555
3.90486818333451 0.110475178356143 3.23439960819307
3.91716139818538 0.150133595040796 3.21649521985426
3.92948872138245 0.189666449873995 3.19618667037237
3.94186491792292 0.229089695725655 3.17346476097659
3.95430490388284 0.268418307084579 3.14831470424406
3.9668238529197 0.30766631062735 3.12071608635734
3.97943730156555 0.346846787764139 3.09064277948762
3.99216125402726 0.38597184564781 3.05806281089144
4.00501228673196 0.425052551443963 3.02293819676784
4.01800765221919 0.464098822554078 2.98522475159633
4.03116538109943 0.503119262827252 2.94487188801305
4.04450437955315 0.542120931424286 2.90182242893054
4.05804451806778 0.581109026719804 2.85601246347736
4.07180670457631 0.620086462240218 2.80737129268386
4.08581293156894 0.659053304959782 2.75582153134544
4.10008628171077 0.698006038246693 2.70127946128871
4.11465086955801 0.736936602580389 2.64365577085676
4.12953168765236 0.77583115766588 2.5828568683202
4.14475431328145 0.814668501732428 2.51878702460872
4.16034441774794 0.85341808169036 2.45135168154712
4.17632700458697 0.892037538940107 2.380462346553
4.1927252908292 0.930469772565348 2.30604355974933
4.20955914449673 0.968639583166346 2.22804241581487
4.22684301667893 1.0064501100132 2.14644096585439
4.24458337886995 1.04377951052375 2.06127139253857
4.26277581783627 1.08047864684087 1.97263301847143
4.28140215740497 1.11637086814562 1.88070893946129
4.30042823018811 1.15125513785987 1.78577860106378
4.31980310106605 1.18491349659002 1.68822160892742
4.33946048117725 1.21712297088535 1.58850845721666
4.35932264328121 1.24767062826998 1.48717639569158
4.37930642530574 1.27636908861934 1.38479293685684
4.39933019759805 1.30306921792021 1.28191371662414
4.41932034943619 1.32766741002005 1.17904332682621
4.43921608760186 1.35010651191143 1.07660633727031
4.45897196755619 1.3703712211179 0.974931989273983
4.47855825117158 1.38847990692515 0.874252016325989
4.49795963201059 1.40447503062684 0.774708360313668
4.51717301379879 1.41841390007072 0.676366670541078
4.53620494680701 1.43036079845351 0.579231946871568
4.5550691441469 1.44038089225597 0.483263778698399
4.57378431194138 1.44853588886108 0.388389758625665
4.59237238198652 1.45488118742182 0.294516523552174
4.61085714333729 1.45946419236847 0.201538431925076
4.62926322147086 1.4623234740152 0.109344175888772
4.64761533602894 1.46348851597798 0.0178217360709056
4.66593776776777 1.46297985438659 -0.0731379084625887
4.6842539730602 1.4608094740862 -0.163637947183716
4.70258629443842 1.45698137672194 -0.253773474566057
4.72095572520983 1.45149227449028 -0.343629547083923
4.73938169380951 1.44433239338066 -0.433279360830254
4.75788183898908 1.4354863934491 -0.522782388120363
4.77647175052365 1.42493443326633 -0.612182341358947
4.79516465260418 1.41265342252687 -0.701504858742434
4.81397100959747 1.39861852101481 -0.790754835698552
4.83289803792834 1.38280495215899 -0.879913366750975
4.85194911543165 1.36519020159949 -0.968934324652932
4.87112309295405 1.34575665934502 -1.05774069743139
4.89041353453823 1.3244947296753 -1.14622093710532
4.90980794350742 1.30140636644229 -1.23422574564847
4.92928707087662 1.27650888612538 -1.32156591655461
4.9488244436488 1.24983876957973 -1.40801201973669
4.96838628111029 1.22145500650551 -1.49329678820219
4.98793196888833 1.19144140887642 -1.577120942821
5.00741521477533 1.15990728516669 -1.6591628008048
5.02678590917994 1.12698598812185 -1.7390913553038
5.04599257051619 1.09283114738626 -1.81658171489578
5.06498511098044 1.05761082438762 -1.89133109816521
5.08371756271084 1.0215002581426 -1.96307326195023
5.10215039765944 0.984674160015756 -2.03158946001726
5.12025216159456 0.947299563449377 -2.09671472825397
5.13800029087584 0.909530039062209 -2.15833922859402
5.15538113788674 0.871501735112844 -2.21640524880787
5.17238935150116 0.833331325113781 -2.27090102130236
5.18902682036213 0.795115643400225 -2.32185271746943
5.20530139158318 0.756932615824173 -2.36931585765019
5.22122554355641 0.718843043185079 -2.41336708026422
5.23681514017114 0.680892834668677 -2.45409686553181
5.25208834179431 0.643115374872922 -2.49160349817086
5.26706470555171 0.605533806073525 -2.52598832132572
5.28176447718133 0.568163095508921 -2.55735218691179
5.29620805835024 0.53101182596224 -2.58579293187578
5.31041562429787 0.49408369532087 -2.61140368511799
5.32440686405865 0.457378739994606 -2.63427181653041
5.33820081677713 0.420894312513466 -2.65447836263639
5.35181578086426 0.384625849677264 -2.67209779243101
5.36526927669688 0.348567467871059 -2.68719800610486
5.37857804749344 0.312712419210118 -2.69984048525758
5.39175808652233 0.277053437785556 -2.71008053476344
5.40482468176575 0.241583000525061 -2.71796757353437
5.4177924715518 0.206293522664039 -2.72354544448498
5.43067550653234 0.171177503832092 -2.72685272370517
5.44348731480192 0.136227637398594 -2.72792301587652
5.45624096800824 0.101436892983778 -2.72678522795449
5.46894914707448 0.0667985798695677 -2.72346381660011
5.48162420670415 0.032306397358519 -2.71797900719977
5.49427823822403 -0.00204552315152402 -2.71034698388201
5.50692313058127 -0.0362625805590628 -2.70058005096923
5.51957062947861 -0.0703496677801618 -2.68868676697239
5.53223239472973 -0.104311134126258 -2.67467205268483
5.54492005596009 -0.138150743950827 -2.6585372752605
5.55764526677775 -0.171871629312745 -2.64028031045448
5.57041975749815 -0.20547623440986 -2.61989558552894
5.58325538642696 -0.238966249424264 -2.59737410574883
5.59616418958266 -0.272342531196968 -2.57270346797563
5.60915842856742 -0.305605007814789 -2.54586786568621
5.62225063605861 -0.338752563743414 -2.51684809088639
5.635453658076 -0.371782901572475 -2.48562153996207
5.64878069175805 -0.40469237574611 -2.45216223265164
5.66224531682286 -0.43747579283469 -2.4164408562005
5.67586151815719 -0.470126171968623 -2.37842485058153
5.68964369602244 -0.502634458030707 -2.3380785556844
5.70360665913613 -0.534989179150706 -2.29536344787647
5.71776559432403 -0.567176039082127 -2.2502385016169
5.73213600449091 -0.599177434374926 -2.20266072212055
5.74673360430436 -0.630971886237078 -2.15258590753362
5.76157416026333 -0.662533378157468 -2.09996971347959
5.77667325888967 -0.693830593587035 -2.0447691082927
5.79204598401057 -0.724826054466409 -1.98694432175887
5.80770648221083 -0.755475172800629 -1.92646139985097
5.82366739575861 -0.785725245848123 -1.8632954761427
5.83993914654634 -0.815514452917092 -1.79743484706716
5.85652906545171 -0.844770949645753 -1.72888587884874
5.87344038204331 -0.873412203165988 -1.65767866231364
5.89067112225521 -0.901344763327033 -1.58387315400242
5.90821300665789 -0.928464708449902 -1.50756529692442
5.92605049418897 -0.954659017113199 -1.42889232866404
5.94416016270078 -0.979808071761931 -1.34803622803447
5.96251063732892 -1.00378937013131 -1.26522413860844
5.98106324666953 -1.02648230221937 -1.18072476927744
5.99977349077262 -1.04777357935418 -1.09484029012252
6.01859325372026 -1.06756265766725 -1.00789406866648
6.03747352676852 -1.08576638067735 -0.920215514326017
6.05636728322154 -1.10232214435768 -0.832124002576805
6.07523211098484 -1.11718915709232 -0.743914067873954
6.09403227484119 -1.13034773939918 -0.655843711508777
6.11274001837599 -1.1417969593974 -0.568126921174804
6.13133607266561 -1.15155112904144 -0.480930629017323
6.14980946722314 -1.15963575603914 -0.394375612593723
6.16815681290883 -1.16608348227383 -0.308540414830293
6.18638124610141 -1.17093039947816 -0.223467233428919
6.20449120366892 -1.174212975225 -0.139168826610482
6.22249915869125 -1.1759656865865 -0.055635693725152
6.24042040343282 -1.17621936222748 0.0271569730270941
6.25827192834616 -1.1750001767029 0.109242860530695
6.27607141777552 -1.17232921512892 0.19065876794168
6.29383636466499 -1.16822252167041 0.271439535427526
6.31158329633211 -1.16269155207419 0.351613645045353
6.32932709920559 -1.15574396178502 0.431199447085949
6.34708043058158 -1.14738467229314 0.510201966312283
6.36485320863752 -1.13761716626801 0.588610260106387
6.3826521772592 -1.12644496487371 0.666395328577039
6.40048054896374 -1.11387323743468 0.743508609929271
6.41833773654718 -1.0999104841679 0.819881127263191
6.43621919099334 -1.08457021796423 0.895423378722786
6.45411636822793 -1.06787255357583 0.970026073603398
6.47201684879486 -1.04984559610664 1.04356180441668
6.48990463081836 -1.03052651092474 1.11588770258903
6.50776060663856 -1.0099621600773 1.18684905179986
6.52556321744953 -0.988209210919762 1.25628373398658
6.54328926002566 -0.965333662679169 1.3240272737744
6.56091479879248 -0.941409792836708 1.38991814977382
6.57841611966968 -0.916518589049535 1.45380297998812
6.59577065355448 -0.890745791736904 1.51554118200904
6.61295779953809 -0.864179715101787 1.57500876281608
6.62995959078862 -0.836909031551815 1.6321009985461
6.64676116666605 -0.809020693859164 1.68673389958914
6.66335103855098 -0.78059813531292 1.73884449322456
6.67972115933884 -0.751719839712805 1.78839006997347
6.69586682393914 -0.722458321057683 1.83534661519097
6.71178643859766 -0.692879506444088 1.87970667970106
6.72748120041318 -0.663042480891885 1.92147693763556
6.74295472634154 -0.632999531657906 1.96067564695233
6.75821266517902 -0.602796421121598 1.99733018081059
6.77326231841496 -0.572472818736333 2.03147474694889
6.78811228799181 -0.542062830420943 2.06314836518221
6.80277216194187 -0.511595574952839 2.09239313444809
6.81725224311924 -0.481095768960836 2.11925279200325
6.83156332196496 -0.450584293378132 2.14377154798606
6.84571649133543 -0.420078723820901 2.16599316714341
6.8597229996638 -0.389593814981495 2.18596026420775
6.87359413784307 -0.359141934807032 2.20371377838612
6.88734115496296 -0.328733448213238 2.21929259413723
6.90097519818522 -0.298377052680431 2.23273327867043
6.91450727243445 -0.268080069619929 2.24406991054421
6.92794821609372 -0.237848696177209 2.25333397780728
6.94130868944328 -0.207688222393364 2.26055432797063
6.95459917311408 -0.177603218565555 2.26575715554332
6.96782997431695 -0.147597697367834 2.26896601583696
6.98101123903836 -0.117675254913225 2.27020185623943
6.99415296876014 -0.0878391945218721 2.26948305821183
7.00726504056554 -0.0580926365505466 2.26682548492892
7.02035722974168 -0.0284386172612874 2.26224253082202
7.03343923418553 0.0011198206245472 2.25574517035677
7.04652070007257 0.0305795433194933 2.24734200424171
7.05961124836036 0.0599372451675895 2.23703930196875
7.07272050177816 0.0891893696741941 2.22484104017944
7.08585811200147 0.118332030514789 2.21074893687116
7.09903378672962 0.147360930739367 2.19476248194314
7.11225731637581 0.176271278412288 2.17687896506797
7.12553860004172 0.205057696906871 2.15709350239513
7.13888767038045 0.233714128011863 2.1353990641846
7.15231471684886 0.26223372590629 2.11178650617038
7.16583010670646 0.290608739923555 2.08624460830816
7.17944440292613 0.318830383860686 2.0587601256197
7.19316837793156 0.34688868940282 2.02931785716464
7.20701302175606 0.374772341040322 1.99790074081455
7.22098954281196 0.402468489678215 1.96448998354648
7.23510935895639 0.429962542008969 1.92906523948987
7.24938407592022 0.457237922692099 1.89160485102618
7.26382544942359 0.484275806534723 1.85208617190904
7.27844532642773 0.511054818308953 1.81048599565921
7.29325555998429 0.537550698734397 1.7667811173217
7.30826789108205 0.563735936717289 1.72094906183466
7.32349378984903 0.589579370463967 1.67296901728707
7.3389442476163 0.615045763944178 1.62282301539414
7.35462951096674 0.640095370800791 1.57049740320032
7.37055874941127 0.664683505632503 1.51598464719479
7.38673965036766 0.688760152962467 1.45928550065131
7.40317793946099 0.712269657189078 1.40041154313442
7.4198768317261 0.735150551795119 1.33938806322781
7.43683643088894 0.757335601366167 1.27625719754209
7.45405310986535 0.77875214223199 1.21108115921631
7.47151892517707 0.79932281156416 1.14394529110101
7.48922113855824 0.818966743667678 1.07496057528413
7.50714193567271 0.837601278912132 1.00426514603016
7.52525843752257 0.855144170904562 0.932024322778433
7.5435430872034 0.871516193551392 0.858428741924982
7.56196445814727 0.886643954352635 0.783690346654569
7.58048847125878 0.9004626368999 0.708036287623325
7.59907993750087 0.912918352365349 0.631701144502202
7.61770427699972 0.923969799146547 0.554918212118272
7.63632922469863 0.933589016773375 0.477910808385186
7.65492632885244 0.941761157103682 0.400884587455198
7.67347208321229 0.948483347901205 0.324021672733991
7.69194859565429 0.953762852679915 0.247477113733356
7.71034376761811 0.957614808637885 0.171377806769543
7.72865102297481 0.960059842674431 0.0958236896797603
7.74686867068811 0.961121832392909 0.020890783443574
7.76499900924668 0.960826013231968 -0.0533644708820277
7.78304728468767 0.959197554715117 -0.126900154011375
7.8010206036241 0.956260654383821 -0.199683611442624
7.81892688418954 0.952038136983751 -0.271686425634393
7.83677390647732 0.946551502611946 -0.342879935424247
7.85456850360933 0.939821340228564 -0.413231514505393
7.87231591717947 0.931868009272567 -0.482701729144444
7.89001932728796 0.922712488448399 -0.551242422330322
7.907679557523 0.912377293794478 -0.618795716208603
7.92529494824115 0.900887375580743 -0.685293883143751
7.94286138630086 0.888270914164478 -0.750660003409171
7.96037247506765 0.874559948261941 -0.81480930050804
7.97781982443426 0.85979078516779 -0.877651021546117
7.9951934366498 0.844004161163595 -0.939090710215818
8.01248216023993 0.827245141062266 -0.999032705961948
8.02967418183498 0.80956276718454 -1.05738269781301
8.0467575249798 0.791009488096298 -1.11405016782472
8.06372052646872 0.771640413956521 -1.16895057820228
8.08055226455022 0.751512456422148 -1.2220071868378
8.09724291915221 0.730683415579239 -1.273152414912
8.11378405138332 0.709211074218719 -1.32232873254241
8.13016879705319 0.687152351894271 -1.36948906896877
8.14639197590826 0.664562559312264 -1.41459678790942
8.16245012397231 0.641494779785072 -1.45762529348515
8.17834146038358 0.61799939071955 -1.49855734633732
8.19406580232519 0.594123725980775 -1.53738417382461
8.2096244422136 0.569911870445072 -1.5741044542673
8.22502000057899 0.545404571514859 -1.60872324554619
8.24025626645327 0.520639248700494 -1.64125091545676
8.25533803497744 0.495650081145745 -1.67170211724492
8.27027094968921 0.470468153591295 -1.70009484034553
8.28506135480085 0.445121643120615 -1.72644955456114
8.29971616088218 0.419636031568167 -1.75078845628598
8.31424272580261 0.394034331258935 -1.77313481802139
8.32864875157472 0.368337314483006 -1.79351243719965
8.34294219685959 0.342563739596239 -1.8119451769328
8.35713120429597 0.316730568777064 -1.82845658937204
8.37122404144826 0.290853174227097 -1.84306961154264
8.38522905397909 0.264945530990883 -1.85580632348765
8.39915462959305 0.239020395625346 -1.86668775904428
8.41300917132786 0.213089470721956 -1.87573376038115
8.4268010788561 0.187163555826896 -1.88296286838863
8.44053873657963 0.161252685666232 -1.88839224202994
8.45423050743292 0.135366256808242 -1.89203760075695
8.46788473144703 0.109513144020433 -1.89391318502855
8.48150972825618 0.0837018076342999 -1.89403173081886
8.49511380284759 0.0579403932399233 -1.89240445476004
8.50870525396058 0.0322368250129984 -1.88904104723051
8.52229238463024 0.00659889394216121 -1.88394967128275
8.53588351444557 -0.0189656578156699 -1.87713696581649
8.54948699315003 -0.0444490552628904 -1.86860805185561
8.56311121525521 -0.0698434104150238 -1.85836654119638
8.57676463536573 -0.0951406425468073 -1.84641454707406
8.5904557839248 -0.120332397707777 -1.83275269686148
8.60419328308508 -0.145409966383084 -1.8173801471821
8.6179858623871 -0.170364198160835 -1.8002946022088
8.63184237388554 -0.195185412240339 -1.78149233634672
8.6457718063 -0.219863302577706 -1.76096822298397
8.65978329767742 -0.244386836418784 -1.73871577156139
8.67388614593415 -0.268744144918522 -1.71472717588673
8.68808981649043 -0.292922404496835 -1.68899337742981
8.7024039460131 -0.316907707543318 -1.66150414831567
8.71683834103487 -0.340684921070528 -1.63224819991887
8.73140296991301 -0.364237531947963 -1.60121332439092
8.74610794621761 -0.387547477454807 -1.5683865781615
8.76096350119283 -0.410594960108756 -1.53375451847151
8.7759799424095 -0.43335824611581 -1.49730350633452
8.79116759512662 -0.455813447416271 -1.4590200919631
8.80653672221821 -0.477934288273634 -1.41889150155961
8.82209741783575 -0.499691858791912 -1.37690624728583
8.83785946933319 -0.521054359808475 -1.33305488487294
8.85383218149762 -0.541986846473832 -1.28733094517759
8.87002415698811 -0.562450981685501 -1.23973206619156
8.88644302736223 -0.582404815552308 -1.19026134933698
8.90309513054556 -0.601802613296703 -1.13892895662197
8.91998513356231 -0.620594761322045 -1.08575395122471
8.9371156043577 -0.638727789081375 -1.03076636084732
8.95448654413469 -0.656144551815781 -0.974009408436919
8.97209490209698 -0.67278462433553 -0.915541807393661
8.98993410757057 -0.688584956050945 -0.855439959501186
9.0079936689159 -0.703480828935213 -0.793799829275957
9.02625890179908 -0.717407139436985 -0.730738210179784
9.04471085710381 -0.730299990205926 -0.666393064831177
9.06332651586068 -0.742098528649661 -0.600922636050149
9.08207930028761 -0.752746912697885 -0.534503109333573
9.10093991429374 -0.762196231493372 -0.467324769076456
9.11987747656901 -0.7704061760493 -0.399586816721181
9.13886085378843 -0.777346257627564 -0.331491267681093
9.15786005433806 -0.782996417882722 -0.263236553140618
9.17684751864295 -0.787346960120293 -0.195011558754276
9.19579914996062 -0.790397837181158 -0.126990793980679
9.21469496956563 -0.792157431986792 -0.0593312039319957
9.23351934301976 -0.792641036212284 0.00782914551851814
9.25226079374235 -0.791869255576446 0.0743705868229805
9.27091147968698 -0.78986654620999 0.140189912478032
9.28946644660357 -0.786660027934481 0.205197479424104
9.30792278281226 -0.782278646432238 0.269313901046464
9.32627878880446 -0.776752686149678 0.332466815480576
9.34453324825737 -0.770113582481616 0.394588097642375
9.36268485434335 -0.762393950760332 0.455611736598394
9.38073181403841 -0.753627739722118 0.515472462353787
9.39867162802331 -0.743850423507037 0.574105096477367
9.41650102638737 -0.73309916274591 0.63144452624534
9.43421603033005 -0.721412886379153 0.687426160485779
9.45181210603578 -0.70883226738121 0.741986710933959
9.46928437723517 -0.695399584821336 0.795065148334297
9.48662786617447 -0.681158480157008 0.846603700956409
9.50383773760862 -0.666153626689626 0.896548789027049
9.52090952611429 -0.65043033769312 0.944851817446133
9.53783933282786 -0.634034141266681 0.991469777757893
9.55462398317161 -0.617010349164385 1.03636563630498
9.57126114190516 -0.599403643582418 1.07950850722968
9.5877493857259 -0.581257701051536 1.12087362565963
9.60408823655208 -0.56261486704376 1.16044214783109
9.62027816056932 -0.543515889375419 1.19820081139464
9.63632053919549 -0.523999713504548 1.23414149142839
9.65221761846731 -0.504103338710584 1.26826068667815
9.6679724431442 -0.483861731055712 1.30055896723768
9.68358878123462 -0.463307786959838 1.33104041019797
9.69907104383441 -0.442472340071704 1.35971204451289
9.71442420425481 -0.421384203724739 1.38658332104585
9.72965371950732 -0.400070241443882 1.41166561888963
9.744765456371 -0.378555458540216 1.43497179483119
9.75976562353257 -0.356863108637459 1.45651577937251
9.77466071068026 -0.335014809892695 1.47631222002542
9.78945743494845 -0.313030666609673 1.49437617061533
9.80416269474489 -0.290929392832859 1.51072282396286
9.81878353072941 -0.268728435315375 1.52536728445498
9.83332709353737 -0.246444093954451 1.5383243765591
9.84780061773331 -0.224091638378473 1.54960848517723
9.8622114014265 -0.20168541985401 1.55923342379492
9.87656679096446 -0.179238978068638 1.56721232658399
9.89087417013321 -0.156765142648369 1.5735575609124
9.90514095332248 -0.134276129500204 1.57828065705858
9.9193745821558 -0.11178363224374 1.5813922522924
9.93358252513097 -0.0892989091227783 1.58290204684891
9.9477722798639 -0.0668328658788881 1.58281876967319
9.96195137757481 -0.0443961351330338 1.58115015214647
9.97612738949702 -0.02199915286588 1.57790290831368
9.9903079349261 0.000347767381420901 1.57308272041972
10 0.0155756346425929 1.56888948153518
